2010   000544272   1   INS00606001   1
2010   000546867   3   INS00002428   15
2010   000546867   3   INS00007982   15
2010   000546867   3   INS00108670   15
2010   000547701   3   INS00002397   9
2010   000547701   3   INS00112777   9
2010   000547701   3   INS00264757   9
2010   000547864   2   INS00002378   3
2010   000547864   2   INS00276935   3
2010   000548370   2   INS00002397   12
2010   000548370   2   INS00005305   12
2010   000550091   2   INS00002454   6
2010   000550091   2   INS00079853   6
2010   000550108   1   INS00119242   98
2010   000550206   1   INS00005628   17
2010   000550233   3   INS00005072   14
2010   000550233   3   INS00073420   14
2010   000550233   3   INS00500678   14
2010   000550752   2   INS00005066   9
2010   000550752   2   INS00006572   9
2010   000550850   1   INS00494075   36
2010   000551310   2   INS00005062   46
2010   000551310   2   INS00111348   46
2010   000551320   1   INS00074018   13
2010   000552309   1   INS00002480   0
2010   000552318   2   INS00002493   17
2010   000552318   2   INS00165852   17
2010   000552425   2   INS00365703   4
2010   000552425   2   INS00591737   4
2010   000552452   2   INS00000725   3
2010   000552452   2   INS00113481   3
2010   000552953   2   INS00000725   3
2010   000552953   2   INS00113481   3
2010   000553039   4   INS00011167   4
2010   000553039   4   INS00034529   4
2010   000553039   4   INS00040180   4
2010   000553039   4   INS00499820   4
2010   000553173   1   INS00107130   3
2010   000553549   2   INS00005305   9
2010   000553549   2   INS00014338   9
2010   000553629   6   INS00006025   60
2010   000553629   6   INS00006251   60
2010   000553629   6   INS00006568   60
2010   000553629   6   INS00006569   60
2010   000553629   6   INS00006571   60
2010   000553629   6   INS00492035   60
2010   000554054   1   INS00107130   3
2010   000554116   2   INS00002415   8
2010   000554116   2   INS00367435   8
2010   000554949   2   INS00006909   42
2010   000554949   2   INS00367420   42
2010   000555070   1   INS00528541   1
2010   000555623   1   INS00011171   17
2010   000556175   2   INS00005628   51
2010   000556175   2   INS00494075   51
2010   000556362   2   INS00002578   3
2010   000556362   2   INS00179798   3
2010   000556442   1   INS00403948   1
2010   000556685   4   INS00002397   11
2010   000556685   4   INS00366655   11
2010   000556685   4   INS00366657   11
2010   000556685   4   INS00458208   11
2010   000556863   2   INS00005062   45
2010   000556863   2   INS00006265   45
2010   000557225   2   INS00006433   11
2010   000557225   2   INS00112810   11
2010   000557314   2   INS00002384   15
2010   000557314   2   INS00175926   15
2010   000571233   3   INS00002476   2
2010   000571233   3   INS00113490   2
2010   000571233   3   INS00403923   2
2010   000585794   3   INS00002440   22
2010   000585794   3   INS00002460   22
2010   000585794   3   INS00116450   22
2010   000586862   1   INS00087013   0
2010   000588061   1   INS00002473   4
2010   000588590   2   INS00002397   12
2010   000588590   2   INS00005305   12
2010   000589318   1   INS00539753   0
2010   000589701   4   INS00002428   15
2010   000589701   4   INS00034545   15
2010   000589701   4   INS00034546   15
2010   000589701   4   INS00108670   15
2010   000590220   1   INS00448194   0
2010   000601673   4   INS00005066   9
2010   000601673   4   INS00006572   9
2010   000601673   4   INS00006888   9
2010   000601673   4   INS00488908   9
2010   000602803   3   INS00002416   13
2010   000602803   3   INS00005984   13
2010   000602803   3   INS00114101   13
2010   000604281   2   INS00002415   48
2010   000604281   2   INS00006909   48
2010   000604595   2   INS00005067   3
2010   000604595   2   INS00554316   3
2010   000608066   1   INS00002416   9
2010   000608502   1   INS00119242   98
2010   000609500   1   INS00002427   0
2010   000611633   1   INS00103874   2
2010   000618204   1   INS00403832   4
2010   000623367   2   INS00005062   49
2010   000623367   2   INS00074018   49
2010   000623760   1   INS00464403   1
2010   000624257   6   INS00002377   20
2010   000624257   6   INS00002415   20
2010   000624257   6   INS00005625   20
2010   000624257   6   INS00367435   20
2010   000624257   6   INS00409656   20
2010   000624257   6   INS00593893   20
2010   000624373   2   INS00002491   4
2010   000624373   2   INS00435514   4
2010   000627160   1   INS00005069   9
2010   000645838   3   INS00006433   11
2010   000645838   3   INS00066270   11
2010   000645838   3   INS00112810   11
2010   000650598   3   INS00000719   5
2010   000650598   3   INS00005866   5
2010   000650598   3   INS00182991   5
2010   000650936   2   INS00000519   12
2010   000650936   2   INS00079694   12
2010   000651890   2   INS00001138   5
2010   000651890   2   INS00114097   5
2010   000651942   1   INS00005072   4
2010   000660914   2   INS00006827   19
2010   000660914   2   INS00456861   19
2010   000660988   4   INS00006576   15
2010   000660988   4   INS00006824   15
2010   000660988   4   INS00074152   15
2010   000660988   4   INS00456861   15
2010   000661751   15   INS00005062   110
2010   000661751   15   INS00005068   110
2010   000661751   15   INS00005069   110
2010   000661751   15   INS00005073   110
2010   000661751   15   INS00006265   110
2010   000661751   15   INS00006568   110
2010   000661751   15   INS00006569   110
2010   000661751   15   INS00006571   110
2010   000661751   15   INS00060768   110
2010   000661751   15   INS00063809   110
2010   000661751   15   INS00067018   110
2010   000661751   15   INS00079760   110
2010   000661751   15   INS00079839   110
2010   000661751   15   INS00110415   110
2010   000661751   15   INS00112797   110
2010   000664520   3   INS00002476   6
2010   000664520   3   INS00005866   6
2010   000664520   3   INS00113490   6
2010   000668799   1   INS00011171   17
2010   000671622   2   INS00002448   16
2010   000671622   2   INS00164731   16
2010   000679246   3   INS00002452   15
2010   000679246   3   INS00034560   15
2010   000679246   3   INS00368637   15
2010   000680111   1   INS00006909   41
2010   000685388   5   INS00002428   30
2010   000685388   5   INS00005628   30
2010   000685388   5   INS00005631   30
2010   000685388   5   INS00024746   30
2010   000685388   5   INS00108670   30
2010   000701463   1   INS00006824   10
2010   000702460   2   INS00006575   104
2010   000702460   2   INS00119242   104
2010   000702522   1   INS00119242   98
2010   000702649   1   INS00119242   98
2010   000704572   2   INS00002452   14
2010   000704572   2   INS00048263   14
2010   000704984   3   INS00002388   51
2010   000704984   3   INS00005062   51
2010   000704984   3   INS00572275   51
2010   000711970   2   INS00006909   42
2010   000711970   2   INS00367420   42
2010   000719341   5   INS00029268   4
2010   000719341   5   INS00111351   4
2010   000719341   5   INS00114954   4
2010   000719341   5   INS00408952   4
2010   000719341   5   INS00584288   4
2010   000719717   2   INS00006251   23
2010   000719717   2   INS00114380   23
2010   000722140   1   INS00366872   1
2010   000727728   3   INS00002379   4
2010   000727728   3   INS00026164   4
2010   000727728   3   INS00088241   4
2010   000732639   1   INS00006827   14
2010   000739676   2   INS00005624   36
2010   000739676   2   INS00494075   36
2010   000741253   1   INS00276901   3
2010   000742822   2   INS00006096   3
2010   000742822   2   INS00478584   3
2010   000744086   2   INS00006829   5
2010   000744086   2   INS00165487   5
2010   000746616   3   INS00001555   9
2010   000746616   3   INS00034536   9
2010   000746616   3   INS00079699   9
2010   000749135   3   INS00001105   17
2010   000749135   3   INS00001111   17
2010   000749135   3   INS00061823   17
2010   000751429   2   INS00005062   49
2010   000751429   2   INS00074018   49
2010   000772732   3   INS00005062   46
2010   000772732   3   INS00006265   46
2010   000772732   3   INS00103874   46
2010   000774110   1   INS00002474   0
2010   000776731   1   INS00561433   2
2010   000777111   6   INS00002417   40
2010   000777111   6   INS00002428   40
2010   000777111   6   INS00006086   40
2010   000777111   6   INS00045551   40
2010   000777111   6   INS00068450   40
2010   000777111   6   INS00108670   40
2010   000778656   2   INS00005062   46
2010   000778656   2   INS00111348   46
2010   000783960   4   INS00006568   48
2010   000783960   4   INS00006569   48
2010   000783960   4   INS00006571   48
2010   000783960   4   INS00455440   48
2010   000783979   1   INS00005136   4
2010   000794159   2   INS00006262   47
2010   000794159   2   INS00006909   47
2010   000794186   1   INS00006909   41
2010   000805065   6   INS00002428   51
2010   000805065   6   INS00005624   51
2010   000805065   6   INS00007982   51
2010   000805065   6   INS00089793   51
2010   000805065   6   INS00108670   51
2010   000805065   6   INS00494075   51
2010   000806142   6   INS00002384   18
2010   000806142   6   INS00005625   18
2010   000806142   6   INS00005626   18
2010   000806142   6   INS00073586   18
2010   000806142   6   INS00409656   18
2010   000806142   6   INS00593893   18
2010   000808209   1   INS00073989   0
2010   000813263   1   INS00005628   17
2010   000813890   2   INS00162033   2
2010   000813890   2   INS00604884   2
2010   000824740   2   INS00064197   9
2010   000824740   2   INS00165852   9
2010   000834450   1   INS00575524   0
2010   000834512   2   INS00002419   2
2010   000834512   2   INS00500654   2
2010   000835144   1   INS00138968   0
2010   000836670   6   INS00006568   51
2010   000836670   6   INS00006569   51
2010   000836670   6   INS00006571   51
2010   000836670   6   INS00006749   51
2010   000836670   6   INS00455440   51
2010   000836670   6   INS00551213   51
2010   000839635   2   INS00006252   6
2010   000839635   2   INS00170971   6
2010   000841787   2   INS00005071   5
2010   000841787   2   INS00113482   5
2010   000844036   1   INS00123486   9
2010   000848008   8   INS00002384   18
2010   000848008   8   INS00005625   18
2010   000848008   8   INS00005626   18
2010   000848008   8   INS00044075   18
2010   000848008   8   INS00073586   18
2010   000848008   8   INS00079678   18
2010   000848008   8   INS00409656   18
2010   000848008   8   INS00593893   18
2010   000850445   4   INS00002382   7
2010   000850445   4   INS00079689   7
2010   000850445   4   INS00113476   7
2010   000850445   4   INS00454516   7
2010   000851845   4   INS00002428   17
2010   000851845   4   INS00002481   17
2010   000851845   4   INS00114089   17
2010   000851845   4   INS00261082   17
2010   000851925   4   INS00006753   5
2010   000851925   4   INS00089226   5
2010   000851925   4   INS00411219   5
2010   000851925   4   INS00527950   5
2010   000851934   3   INS00079689   6
2010   000851934   3   INS00113476   6
2010   000851934   3   INS00394452   6
2010   000855933   7   INS00001120   15
2010   000855933   7   INS00006585   15
2010   000855933   7   INS00006824   15
2010   000855933   7   INS00006829   15
2010   000855933   7   INS00037005   15
2010   000855933   7   INS00040461   15
2010   000855933   7   INS00079875   15
2010   000859075   1   INS00011171   17
2010   000861449   2   INS00005062   49
2010   000861449   2   INS00074018   49
2010   000861654   7   INS00006573   29
2010   000861654   7   INS00006825   29
2010   000861654   7   INS00006827   29
2010   000861654   7   INS00102942   29
2010   000861654   7   INS00115216   29
2010   000861654   7   INS00138558   29
2010   000861654   7   INS00555854   29
2010   000863434   2   INS00001742   6
2010   000863434   2   INS00002407   6
2010   000868978   2   INS00002486   10
2010   000868978   2   INS00165852   10
2010   000870250   4   INS00002440   27
2010   000870250   4   INS00002460   27
2010   000870250   4   INS00006197   27
2010   000870250   4   INS00063235   27
2010   000870330   2   INS00006825   20
2010   000870330   2   INS00006827   20
2010   000870359   2   INS00006824   10
2010   000870359   2   INS00074152   10
2010   000871015   1   INS00002407   6
2010   000872756   2   INS00001120   1
2010   000872756   2   INS00085202   1
2010   000872827   1   INS00539755   8
2010   000873969   6   INS00006433   12
2010   000873969   6   INS00034523   12
2010   000873969   6   INS00083226   12
2010   000873969   6   INS00112810   12
2010   000873969   6   INS00172228   12
2010   000873969   6   INS00345084   12
2010   000885182   1   INS00566663   2
2010   000885280   4   INS00002476   5
2010   000885280   4   INS00002481   5
2010   000885280   4   INS00113490   5
2010   000885280   4   INS00114089   5
2010   000894682   2   INS00006251   23
2010   000894682   2   INS00114380   23
2010   000894842   5   INS00005068   17
2010   000894842   5   INS00005069   17
2010   000894842   5   INS00005073   17
2010   000894842   5   INS00053164   17
2010   000894842   5   INS00563261   17
2010   000904359   4   INS00005858   1
2010   000904359   4   INS00079709   1
2010   000904359   4   INS00276812   1
2010   000904359   4   INS00493527   1
2010   000907996   1   INS00002448   16
2010   000913053   5   INS00002413   13
2010   000913053   5   INS00005134   13
2010   000913053   5   INS00034576   13
2010   000913053   5   INS00114723   13
2010   000913053   5   INS00260632   13
2010   000915352   1   INS00109886   0
2010   000920568   1   INS00160406   5
2010   000925537   3   INS00006253   9
2010   000925537   3   INS00367439   9
2010   000925537   3   INS00495779   9
2010   000929509   2   INS00002454   5
2010   000929509   2   INS00366689   5
2010   000930902   6   INS00005069   28
2010   000930902   6   INS00006025   28
2010   000930902   6   INS00006251   28
2010   000930902   6   INS00006252   28
2010   000930902   6   INS00006254   28
2010   000930902   6   INS00483050   28
2010   000930949   2   INS00005067   3
2010   000930949   2   INS00132209   3
2010   000939096   1   INS00456861   5
2010   000939659   2   INS00002428   15
2010   000939659   2   INS00108670   15
2010   000941791   3   INS00002439   14
2010   000941791   3   INS00108668   14
2010   000941791   3   INS00412158   14
2010   000943114   2   INS00002578   3
2010   000943114   2   INS00179798   3
2010   000946205   2   INS00540334   0
2010   000946205   2   INS00540336   0
2010   000946813   3   INS00001140   2
2010   000946813   3   INS00049856   2
2010   000946813   3   INS00089843   2
2010   000949047   1   INS00108670   11
2010   000949056   1   INS00002416   9
2010   000951279   1   INS00002436   0
2010   000951760   1   INS00006911   1
2010   000952570   1   INS00451695   1
2010   000955250   2   INS00002448   17
2010   000955250   2   INS00002475   17
2010   000955984   2   INS00011167   5
2010   000955984   2   INS00074161   5
2010   000957497   2   INS00001742   6
2010   000957497   2   INS00002407   6
2010   000957844   1   INS00005628   17
2010   000958888   2   INS00005071   5
2010   000958888   2   INS00113482   5
2010   000958912   1   INS00011169   4
2010   000959348   3   INS00002444   7
2010   000959348   3   INS00074159   7
2010   000959348   3   INS00464541   7
2010   000959428   4   INS00006573   9
2010   000959428   4   INS00006580   9
2010   000959428   4   INS00114758   9
2010   000959428   4   INS00555358   9
2010   000961874   1   INS00002404   2
2010   000963654   2   INS00001600   20
2010   000963654   2   INS00137908   20
2010   000965416   2   INS00002439   14
2010   000965416   2   INS00138283   14
2010   000965505   1   INS00074117   7
2010   000965597   4   INS00006582   0
2010   000965597   4   INS00113480   0
2010   000965597   4   INS00457152   0
2010   000965597   4   INS00584345   0
2010   000965748   3   INS00079689   6
2010   000965748   3   INS00113476   6
2010   000965748   3   INS00394452   6
2010   000966594   3   INS00006086   24
2010   000966594   3   INS00108691   24
2010   000966594   3   INS00516532   24
2010   000968641   2   INS00005062   49
2010   000968641   2   INS00074018   49
2010   000970434   5   INS00002385   7
2010   000970434   5   INS00002491   7
2010   000970434   5   INS00037758   7
2010   000970434   5   INS00068290   7
2010   000970434   5   INS00273336   7
2010   000971914   2   INS00002454   6
2010   000971914   2   INS00006828   6
2010   000972798   3   INS00005066   13
2010   000972798   3   INS00005071   13
2010   000972798   3   INS00113482   13
2010   000974059   5   INS00002416   22
2010   000974059   5   INS00002452   22
2010   000974059   5   INS00005984   22
2010   000974059   5   INS00114101   22
2010   000974059   5   INS00116137   22
2010   000974095   2   INS00006262   10
2010   000974095   2   INS00182847   10
2010   000978880   2   INS00074117   11
2010   000978880   2   INS00403832   11
2010   000983030   1   INS00002457   4
2010   000983764   4   INS00006568   48
2010   000983764   4   INS00006569   48
2010   000983764   4   INS00006571   48
2010   000983764   4   INS00492035   48
2010   000990624   2   INS00367438   13
2010   000990624   2   INS00485881   13
2010   000990670   1   INS00089843   1
2010   000991523   3   INS00366667   9
2010   000991523   3   INS00367439   9
2010   000991523   3   INS00498199   9
2010   000991891   1   INS00119242   98
2010   000993009   2   INS00005066   9
2010   000993009   2   INS00006570   9
2010   000998300   1   INS00074018   13
2010   001000337   3   INS00002397   10
2010   001000337   3   INS00002490   10
2010   001000337   3   INS00157328   10
2010   001001728   1   INS00005628   17
2010   001006401   1   INS00002448   16
2010   001006804   5   INS00006746   5
2010   001006804   5   INS00006847   5
2010   001006804   5   INS00034467   5
2010   001006804   5   INS00037260   5
2010   001006804   5   INS00110573   5
2010   001006949   1   INS00119242   98
2010   001007294   1   INS00106163   5
2010   001007919   2   INS00002428   15
2010   001007919   2   INS00108670   15
2010   001008228   2   INS00001105   9
2010   001008228   2   INS00061823   9
2010   001008255   4   INS00001599   9
2010   001008255   4   INS00001601   9
2010   001008255   4   INS00001602   9
2010   001008255   4   INS00073420   9
2010   001008578   1   INS00119242   98
2010   001008587   3   INS00002397   13
2010   001008587   3   INS00005305   13
2010   001008587   3   INS00458208   13
2010   001009619   5   INS00006568   48
2010   001009619   5   INS00006569   48
2010   001009619   5   INS00006571   48
2010   001009619   5   INS00455440   48
2010   001009619   5   INS00492035   48
2010   001009762   3   INS00081600   11
2010   001009762   3   INS00106163   11
2010   001009762   3   INS00106164   11
2010   001011751   3   INS00002440   17
2010   001011751   3   INS00484759   17
2010   001011751   3   INS00584448   17
2010   001012786   1   INS00074083   2
2010   001014931   1   INS00011171   17
2010   001015509   2   INS00006086   24
2010   001015509   2   INS00108691   24
2010   001015607   5   INS00002371   10
2010   001015607   5   INS00034527   10
2010   001015607   5   INS00035082   10
2010   001015607   5   INS00112770   10
2010   001015607   5   INS00595342   10
2010   001017020   2   INS00011166   10
2010   001017020   2   INS00265988   10
2010   001017666   2   INS00006262   47
2010   001017666   2   INS00006909   47
2010   001019858   7   INS00002486   16
2010   001019858   7   INS00006827   16
2010   001019858   7   INS00034564   16
2010   001019858   7   INS00079744   16
2010   001019858   7   INS00109893   16
2010   001019858   7   INS00114096   16
2010   001019858   7   INS00167449   16
2010   001020714   3   INS00002416   21
2010   001020714   3   INS00002452   21
2010   001020714   3   INS00455934   21
2010   001028490   1   INS00123486   9
2010   001035904   1   INS00006253   5
2010   001045295   1   INS00451695   1
2010   001046819   3   INS00002384   15
2010   001046819   3   INS00079701   15
2010   001046819   3   INS00175926   15
2010   001051579   4   INS00000725   20
2010   001051579   4   INS00002440   20
2010   001051579   4   INS00113481   20
2010   001051579   4   INS00118991   20
2010   001052235   1   INS00162102   2
2010   001052843   1   INS00106184   5
2010   001053573   2   INS00001115   1
2010   001053573   2   INS00124008   1
2010   001057616   1   INS00175926   4
2010   001059441   2   INS00011171   17
2010   001059441   2   INS00455464   17
2010   001061996   2   INS00001569   2
2010   001061996   2   INS00002441   2
2010   001063720   2   INS00073420   5
2010   001063720   2   INS00366686   5
2010   001066769   2   INS00005062   46
2010   001066769   2   INS00111348   46
2010   001073048   3   INS00038301   6
2010   001073048   3   INS00172159   6
2010   001073048   3   INS00564858   6
2010   001073825   2   INS00112813   0
2010   001073825   2   INS00138071   0
2010   001073997   2   INS00024712   1
2010   001073997   2   INS00137578   1
2010   001074484   4   INS00002375   5
2010   001074484   4   INS00002444   5
2010   001074484   4   INS00114806   5
2010   001074484   4   INS00366665   5
2010   001075454   4   INS00002382   7
2010   001075454   4   INS00079689   7
2010   001075454   4   INS00113476   7
2010   001075454   4   INS00454516   7
2010   001077225   1   INS00539755   8
2010   001078394   2   INS00011169   5
2010   001078394   2   INS00011406   5
2010   001081980   1   INS00006909   41
2010   001082539   1   INS00106723   2
2010   001082646   2   INS00000519   12
2010   001082646   2   INS00105327   12
2010   001082780   2   INS00038273   0
2010   001082780   2   INS00279863   0
2010   001085183   1   INS00002439   14
2010   001085503   1   INS00002377   4
2010   001089010   5   INS00002416   19
2010   001089010   5   INS00002452   19
2010   001089010   5   INS00034559   19
2010   001089010   5   INS00034560   19
2010   001089010   5   INS00118681   19
2010   001089413   1   INS00007413   2
2010   001090817   2   INS00002416   18
2010   001090817   2   INS00002452   18
2010   001091841   2   INS00001111   51
2010   001091841   2   INS00006909   51
2010   001091986   2   INS00005063   46
2010   001091986   2   INS00006909   46
2010   001094905   1   INS00106166   0
2010   001094914   1   INS00005865   2
2010   001096534   1   INS00175926   4
2010   001097756   2   INS00005491   0
2010   001097756   2   INS00123325   0
2010   001101302   2   INS00366681   5
2010   001101302   2   INS00561433   5
2010   001102300   3   INS00006753   12
2010   001102300   3   INS00006824   12
2010   001102300   3   INS00074152   12
2010   001103719   4   INS00001138   13
2010   001103719   4   INS00005069   13
2010   001103719   4   INS00114097   13
2010   001103719   4   INS00478671   13
2010   001103942   2   INS00006825   20
2010   001103942   2   INS00006827   20
2010   001104019   3   INS00001105   17
2010   001104019   3   INS00001111   17
2010   001104019   3   INS00061823   17
2010   001104028   2   INS00002454   5
2010   001104028   2   INS00375396   5
2010   001105025   1   INS00582739   1
2010   001105099   1   INS00506288   7
2010   001109991   2   INS00034469   2
2010   001109991   2   INS00079789   2
2010   001119129   5   INS00005861   10
2010   001119129   5   INS00034527   10
2010   001119129   5   INS00035082   10
2010   001119129   5   INS00112770   10
2010   001119129   5   INS00595342   10
2010   001119497   4   INS00002388   16
2010   001119497   4   INS00002464   16
2010   001119497   4   INS00006262   16
2010   001119497   4   INS00190594   16
2010   001121510   6   INS00001137   17
2010   001121510   6   INS00001138   17
2010   001121510   6   INS00005068   17
2010   001121510   6   INS00005073   17
2010   001121510   6   INS00114097   17
2010   001121510   6   INS00559435   17
2010   001121824   4   INS00006096   3
2010   001121824   4   INS00138088   3
2010   001121824   4   INS00449202   3
2010   001121824   4   INS00604035   3
2010   001122779   3   INS00006568   51
2010   001122779   3   INS00006749   51
2010   001122779   3   INS00551213   51
2010   001123088   4   INS00006096   13
2010   001123088   4   INS00006824   13
2010   001123088   4   INS00068142   13
2010   001123088   4   INS00137771   13
2010   001123121   1   INS00119242   98
2010   001124657   2   INS00079675   0
2010   001124657   2   INS00109880   0
2010   001127194   1   INS00119242   98
2010   001127210   2   INS00006829   5
2010   001127210   2   INS00165487   5
2010   001130538   3   INS00000519   12
2010   001130538   3   INS00069364   12
2010   001130538   3   INS00459320   12
2010   001131320   1   INS00485881   8
2010   001132194   1   INS00002479   3
2010   001133173   1   INS00074159   2
2010   001134706   1   INS00074018   13
2010   001135033   1   INS00403948   1
2010   001136540   1   INS00006909   41
2010   001136550   3   INS00005062   49
2010   001136550   3   INS00005065   49
2010   001136550   3   INS00006265   49
2010   001138394   1   INS00002468   1
2010   001141021   1   INS00006827   14
2010   001141710   1   INS00005063   5
2010   001145620   1   INS00106167   1
2010   001149039   5   INS00006568   51
2010   001149039   5   INS00006569   51
2010   001149039   5   INS00006571   51
2010   001149039   5   INS00006749   51
2010   001149039   5   INS00455440   51
2010   001149066   4   INS00002444   20
2010   001149066   4   INS00005134   20
2010   001149066   4   INS00059010   20
2010   001149066   4   INS00059498   20
2010   001149389   3   INS00000725   4
2010   001149389   3   INS00006199   4
2010   001149389   3   INS00113481   4
2010   001154324   2   INS00005305   11
2010   001154324   2   INS00458208   11
2010   001154638   2   INS00002409   1
2010   001154638   2   INS00453153   1
2010   001155170   1   INS00002384   12
2010   001156641   3   INS00005067   26
2010   001156641   3   INS00006251   26
2010   001156641   3   INS00114380   26
2010   001157602   1   INS00106164   6
2010   001157783   1   INS00405225   1
2010   001157836   1   INS00006252   6
2010   001158898   3   INS00002440   22
2010   001158898   3   INS00002460   22
2010   001158898   3   INS00116450   22
2010   001159035   4   INS00000519   17
2010   001159035   4   INS00001138   17
2010   001159035   4   INS00114097   17
2010   001159035   4   INS00114721   17
2010   001164563   1   INS00002384   12
2010   001164788   3   INS00005134   13
2010   001164788   3   INS00500189   13
2010   001164788   3   INS00548117   13
2010   001166497   1   INS00119242   98
2010   001167725   1   INS00002478   1
2010   001167743   1   INS00119242   98
2010   001168992   1   INS00530738   1
2010   001169701   2   INS00002428   14
2010   001169701   2   INS00261082   14
2010   001170319   2   INS00001555   9
2010   001170319   2   INS00408263   9
2010   001171361   5   INS00002477   4
2010   001171361   5   INS00034469   4
2010   001171361   5   INS00079789   4
2010   001171361   5   INS00113474   4
2010   001171361   5   INS00452023   4
2010   001175208   1   INS00002404   2
2010   001176994   2   INS00002479   3
2010   001176994   2   INS00251803   3
2010   001177383   2   INS00106163   5
2010   001177383   2   INS00403831   5
2010   001180781   5   INS00006573   11
2010   001180781   5   INS00079863   11
2010   001180781   5   INS00114103   11
2010   001180781   5   INS00168446   11
2010   001180781   5   INS00568480   11
2010   001184771   5   INS00002371   10
2010   001184771   5   INS00034527   10
2010   001184771   5   INS00035082   10
2010   001184771   5   INS00112770   10
2010   001184771   5   INS00595342   10
2010   001185536   1   INS00002454   5
2010   001185643   1   INS00172159   5
2010   001186257   3   INS00002439   18
2010   001186257   3   INS00002493   18
2010   001186257   3   INS00006585   18
2010   001188073   2   INS00006587   2
2010   001188073   2   INS00079853   2
2010   001189099   3   INS00458004   8
2010   001189099   3   INS00458005   8
2010   001189099   3   INS00601862   8
2010   001189277   4   INS00002428   23
2010   001189277   4   INS00006087   23
2010   001189277   4   INS00108670   23
2010   001189277   4   INS00601862   23
2010   001191300   2   INS00005066   8
2010   001191300   2   INS00559669   8
2010   001191678   1   INS00498862   0
2010   001194357   2   INS00011167   8
2010   001194357   2   INS00367439   8
2010   001195784   10   INS00002384   21
2010   001195784   10   INS00002441   21
2010   001195784   10   INS00005625   21
2010   001195784   10   INS00005626   21
2010   001195784   10   INS00034473   21
2010   001195784   10   INS00038271   21
2010   001195784   10   INS00044075   21
2010   001195784   10   INS00044180   21
2010   001195784   10   INS00409656   21
2010   001195784   10   INS00593893   21
2010   001197887   3   INS00005861   5
2010   001197887   3   INS00109889   5
2010   001197887   3   INS00275290   5
2010   001198178   2   INS00002402   8
2010   001198178   2   INS00493427   8
2010   001199003   1   INS00005628   17
2010   001200660   2   INS00006262   19
2010   001200660   2   INS00011166   19
2010   001200697   3   INS00079689   6
2010   001200697   3   INS00113476   6
2010   001200697   3   INS00394452   6
2010   001200703   4   INS00001538   1
2010   001200703   4   INS00068991   1
2010   001200703   4   INS00085929   1
2010   001200703   4   INS00107036   1
2010   001205577   1   INS00074018   13
2010   001205684   2   INS00002448   17
2010   001205684   2   INS00458146   17
2010   001205693   3   INS00005624   36
2010   001205693   3   INS00392721   36
2010   001205693   3   INS00494075   36
2010   001207642   2   INS00002448   16
2010   001207642   2   INS00556044   16
2010   001208710   3   INS00074159   4
2010   001208710   3   INS00106723   4
2010   001208710   3   INS00365704   4
2010   001209502   1   INS00002440   17
2010   001210002   1   INS00494075   36
2010   001211153   1   INS00119242   98
2010   001211860   1   INS00002440   17
2010   001212384   1   INS00002377   4
2010   001213102   1   INS00263706   0
2010   001213390   4   INS00006575   107
2010   001213390   4   INS00119242   107
2010   001213390   4   INS00411219   107
2010   001213390   4   INS00582737   107
2010   001213480   3   INS00006153   18
2010   001213480   3   INS00006827   18
2010   001213480   3   INS00506162   18
2010   001213908   2   INS00006086   24
2010   001213908   2   INS00104918   24
2010   001214084   1   INS00011169   4
2010   001219779   3   INS00006568   49
2010   001219779   3   INS00488197   49
2010   001219779   3   INS00551213   49
2010   001220457   4   INS00005134   51
2010   001220457   4   INS00059010   51
2010   001220457   4   INS00059498   51
2010   001220457   4   INS00494075   51
2010   001221810   2   INS00006909   49
2010   001221810   2   INS00011166   49
2010   001222308   1   INS00512163   3
2010   001222907   2   INS00001105   9
2010   001222907   2   INS00061823   9
2010   001224035   2   INS00274284   0
2010   001224035   2   INS00274286   0
2010   001224492   2   INS00044633   0
2010   001224492   2   INS00245998   0
2010   001225972   1   INS00006824   10
2010   001226998   4   INS00002377   12
2010   001226998   4   INS00005625   12
2010   001226998   4   INS00409656   12
2010   001226998   4   INS00593893   12
2010   001227298   4   INS00000760   2
2010   001227298   4   INS00000761   2
2010   001227298   4   INS00367630   2
2010   001227298   4   INS00397796   2
2010   001227556   3   INS00006197   8
2010   001227556   3   INS00193706   8
2010   001227556   3   INS00530738   8
2010   001236386   2   INS00002397   12
2010   001236386   2   INS00005305   12
2010   001239673   1   INS00119242   98
2010   001240683   2   INS00005062   46
2010   001240683   2   INS00111348   46
2010   001242919   1   INS00119242   98
2010   001243317   1   INS00002863   0
2010   001244332   1   INS00005860   1
2010   001247352   1   INS00456861   5
2010   001247497   1   INS00119242   98
2010   001247648   3   INS00002452   14
2010   001247648   3   INS00005914   14
2010   001247648   3   INS00114549   14
2010   001249123   2   INS00002460   8
2010   001249123   2   INS00116450   8
2010   001249900   2   INS00074117   10
2010   001249900   2   INS00366681   10
2010   001251936   2   INS00000519   16
2010   001251936   2   INS00367439   16
2010   001251981   1   INS00002439   14
2010   001254517   6   INS00002443   21
2010   001254517   6   INS00006825   21
2010   001254517   6   INS00006827   21
2010   001254517   6   INS00034513   21
2010   001254517   6   INS00068229   21
2010   001254517   6   INS00138068   21
2010   001257170   4   INS00001136   18
2010   001257170   4   INS00005628   18
2010   001257170   4   INS00535900   18
2010   001257170   4   INS00564511   18
2010   001258893   1   INS00119242   98
2010   001260167   3   INS00005628   17
2010   001260167   3   INS00005631   17
2010   001260167   3   INS00087016   17
2010   001262134   1   INS00001600   20
2010   001264120   2   INS00005062   49
2010   001264120   2   INS00074018   49
2010   001265790   4   INS00006568   48
2010   001265790   4   INS00006569   48
2010   001265790   4   INS00006571   48
2010   001265790   4   INS00565045   48
2010   001265996   2   INS00001105   9
2010   001265996   2   INS00061823   9
2010   001269609   2   INS00002419   2
2010   001269609   2   INS00556808   2
2010   001272257   1   INS00001294   0
2010   001273325   1   INS00002448   16
2010   001276980   5   INS00002439   17
2010   001276980   5   INS00002493   17
2010   001276980   5   INS00050625   17
2010   001276980   5   INS00108668   17
2010   001276980   5   INS00436710   17
2010   001278054   1   INS00005866   4
2010   001279561   3   INS00005068   50
2010   001279561   3   INS00005073   50
2010   001279561   3   INS00006909   50
2010   001279570   4   INS00079795   9
2010   001279570   4   INS00123486   9
2010   001279570   4   INS00366641   9
2010   001279570   4   INS00366661   9
2010   001280301   1   INS00002371   7
2010   001282665   1   INS00005865   2
2010   001282950   2   INS00002493   107
2010   001282950   2   INS00119242   107
2010   001290175   3   INS00002419   4
2010   001290175   3   INS00106723   4
2010   001290175   3   INS00500654   4
2010   001291397   1   INS00119242   98
2010   001292975   1   INS00106164   6
2010   001294700   2   INS00002407   12
2010   001294700   2   INS00059498   12
2010   001294764   2   INS00006829   3
2010   001294764   2   INS00464408   3
2010   001296286   4   INS00006568   48
2010   001296286   4   INS00006569   48
2010   001296286   4   INS00006571   48
2010   001296286   4   INS00112797   48
2010   001298084   1   INS00002448   16
2010   001298226   1   INS00007413   2
2010   001298790   1   INS00002378   3
2010   001298825   1   INS00119242   98
2010   001301063   1   INS00002017   0
2010   001301401   1   INS00002439   14
2010   001304388   1   INS00002388   6
2010   001305699   1   INS00119242   98
2010   001306810   3   INS00001115   10
2010   001306810   3   INS00123486   10
2010   001306810   3   INS00124008   10
2010   001307512   3   INS00002390   98
2010   001307512   3   INS00002392   98
2010   001307512   3   INS00119242   98
2010   001391991   5   INS00006251   60
2010   001391991   5   INS00006568   60
2010   001391991   5   INS00006569   60
2010   001391991   5   INS00006571   60
2010   001391991   5   INS00492035   60
2010   001393332   1   INS00564505   3
2010   001398150   1   INS00002490   1
2010   001398357   1   INS00006572   2
2010   001399292   1   INS00123486   9
2010   001399407   1   INS00006824   10
2010   001405710   4   INS00029674   5
2010   001405710   4   INS00366648   5
2010   001405710   4   INS00366650   5
2010   001405710   4   INS00398386   5
2010   001408570   1   INS00403832   4
2010   001412803   1   INS00582737   2
2010   001417864   1   INS00365703   4
2010   001418093   1   INS00005136   4
2010   001419205   2   INS00006202   2
2010   001419205   2   INS00114100   2
2010   001421188   4   INS00001555   14
2010   001421188   4   INS00002379   14
2010   001421188   4   INS00006581   14
2010   001421188   4   INS00103553   14
2010   001424125   2   INS00000519   13
2010   001424125   2   INS00405225   13
2010   001424448   6   INS00006568   48
2010   001424448   6   INS00006569   48
2010   001424448   6   INS00006571   48
2010   001424448   6   INS00412074   48
2010   001424448   6   INS00492034   48
2010   001424448   6   INS00551213   48
2010   001424635   2   INS00006825   20
2010   001424635   2   INS00006827   20
2010   001427341   1   INS00160406   5
2010   001427520   1   INS00119242   98
2010   001427726   2   INS00002440   17
2010   001427726   2   INS00446391   17
2010   001428474   1   INS00578384   1
2010   001432299   2   INS00119242   98
2010   001432299   2   INS00458140   98
2010   001432673   1   INS00119242   98
2010   001432744   3   INS00002487   3
2010   001432744   3   INS00112769   3
2010   001432744   3   INS00113491   3
2010   001436251   1   INS00276901   3
2010   001436387   2   INS00106165   4
2010   001436387   2   INS00366667   4
2010   001438200   3   INS00005068   50
2010   001438200   3   INS00005073   50
2010   001438200   3   INS00006909   50
2010   001440521   1   INS00458146   1
2010   001441153   1   INS00454169   0
2010   001441242   1   INS00506288   7
2010   001451919   1   INS00074083   2
2010   001451964   1   INS00160406   5
2010   001453440   1   INS00114749   0
2010   001455284   1   INS00528541   1
2010   001456970   4   INS00001538   7
2010   001456970   4   INS00085929   7
2010   001456970   4   INS00365703   7
2010   001456970   4   INS00398313   7
2010   001459597   6   INS00002428   28
2010   001459597   6   INS00005628   28
2010   001459597   6   INS00005631   28
2010   001459597   6   INS00007982   28
2010   001459597   6   INS00395446   28
2010   001459597   6   INS00557332   28
2010   001459659   4   INS00002397   13
2010   001459659   4   INS00005305   13
2010   001459659   4   INS00345266   13
2010   001459659   4   INS00458208   13
2010   001462224   1   INS00006198   0
2010   001462494   1   INS00403832   4
2010   001462565   1   INS00564511   2
2010   001463320   2   INS00079869   5
2010   001463320   2   INS00367438   5
2010   001464336   2   INS00042299   2
2010   001464336   2   INS00079789   2
2010   001465333   4   INS00006847   3
2010   001465333   4   INS00108696   3
2010   001465333   4   INS00110573   3
2010   001465333   4   INS00452709   3
2010   001467178   4   INS00001555   10
2010   001467178   4   INS00006581   10
2010   001467178   4   INS00010659   10
2010   001467178   4   INS00112802   10
2010   001467276   1   INS00005861   5
2010   001467365   1   INS00002388   6
2010   001473219   2   INS00079863   4
2010   001473219   2   INS00582737   4
2010   001473228   2   INS00119242   99
2010   001473228   2   INS00582739   99
2010   001473863   2   INS00002396   1
2010   001473863   2   INS00037735   1
2010   001473943   2   INS00002407   6
2010   001473943   2   INS00452118   6
2010   001475830   3   INS00005071   5
2010   001475830   3   INS00113482   5
2010   001475830   3   INS00114759   5
2010   001478458   1   INS00119242   98
2010   001478823   4   INS00002416   22
2010   001478823   4   INS00002452   22
2010   001478823   4   INS00116137   22
2010   001478823   4   INS00455934   22
2010   001482049   2   INS00002477   2
2010   001482049   2   INS00452023   2
2010   001485185   1   INS00006827   14
2010   001486629   7   INS00001599   35
2010   001486629   7   INS00001600   35
2010   001486629   7   INS00001601   35
2010   001486629   7   INS00001602   35
2010   001486629   7   INS00060864   35
2010   001486629   7   INS00073420   35
2010   001486629   7   INS00506288   35
2010   001488919   1   INS00011171   17
2010   001489291   1   INS00165852   9
2010   001490265   3   INS00002415   8
2010   001490265   3   INS00112765   8
2010   001490265   3   INS00367435   8
2010   001490354   3   INS00001555   10
2010   001490354   3   INS00006581   10
2010   001490354   3   INS00103553   10
2010   001490800   2   INS00002415   8
2010   001490800   2   INS00367435   8
2010   001491084   4   INS00006202   2
2010   001491084   4   INS00037027   2
2010   001491084   4   INS00068767   2
2010   001491084   4   INS00114100   2
2010   001492789   1   INS00006153   3
2010   001492798   3   INS00002448   112
2010   001492798   3   INS00006642   112
2010   001492798   3   INS00119242   112
2010   001494353   2   INS00002487   3
2010   001494353   2   INS00113491   3
2010   001498595   2   INS00366684   2
2010   001498595   2   INS00366904   2
2010   001500497   1   INS00165852   9
2010   001500586   1   INS00011166   9
2010   001501313   2   INS00002447   1
2010   001501313   2   INS00061708   1
2010   001506561   2   INS00006433   11
2010   001506561   2   INS00112810   11
2010   001512999   2   INS00006847   3
2010   001512999   2   INS00110573   3
2010   001513913   4   INS00002578   5
2010   001513913   4   INS00112749   5
2010   001513913   4   INS00366872   5
2010   001513913   4   INS00575957   5
2010   001517609   4   INS00006828   1
2010   001517609   4   INS00026186   1
2010   001517609   4   INS00038316   1
2010   001517609   4   INS00457723   1
2010   001517903   2   INS00005624   36
2010   001517903   2   INS00494075   36
2010   001518221   1   INS00011166   9
2010   001518992   2   INS00059010   6
2010   001518992   2   INS00059498   6
2010   001519096   2   INS00001602   9
2010   001519096   2   INS00006253   9
2010   001523929   4   INS00001599   5
2010   001523929   4   INS00001601   5
2010   001523929   4   INS00001602   5
2010   001523929   4   INS00137992   5
2010   001524828   1   INS00119242   98
2010   001528003   2   INS00005062   46
2010   001528003   2   INS00111348   46
2010   001528200   2   INS00000966   1
2010   001528200   2   INS00002396   1
2010   001528694   1   INS00005861   5
2010   001529655   4   INS00006568   48
2010   001529655   4   INS00006569   48
2010   001529655   4   INS00006571   48
2010   001529655   4   INS00455440   48
2010   001529673   1   INS00106163   5
2010   001529780   2   INS00011406   5
2010   001529780   2   INS00367439   5
2010   001529833   3   INS00005625   9
2010   001529833   3   INS00409656   9
2010   001529833   3   INS00593893   9
2010   001535830   1   INS00006827   14
2010   001541954   2   INS00005066   49
2010   001541954   2   INS00006909   49
2010   001542085   1   INS00005068   10
2010   001542610   3   INS00002412   2
2010   001542610   3   INS00114763   2
2010   001542610   3   INS00114805   2
2010   001557730   3   INS00002244   3
2010   001557730   3   INS00005476   3
2010   001557730   3   INS00366904   3
2010   001560163   1   INS00001600   20
2010   001560600   2   INS00005624   36
2010   001560600   2   INS00494075   36
2010   001563110   1   INS00106164   6
2010   001564369   2   INS00006573   9
2010   001564369   2   INS00132583   9
2010   001567333   1   INS00001111   10
2010   001569122   3   INS00006218   5
2010   001569122   3   INS00006220   5
2010   001569122   3   INS00105728   5
2010   001569294   2   INS00001138   5
2010   001569294   2   INS00114097   5
2010   001570769   1   INS00003161   0
2010   001571971   1   INS00011166   9
2010   001572880   1   INS00165487   3
2010   001578140   2   INS00006575   104
2010   001578140   2   INS00119242   104
2010   001579263   4   INS00002417   61
2010   001579263   4   INS00006086   61
2010   001579263   4   INS00104918   61
2010   001579263   4   INS00494075   61
2010   001579970   4   INS00002473   4
2010   001579970   4   INS00002485   4
2010   001579970   4   INS00038300   4
2010   001579970   4   INS00107789   4
2010   001585467   5   INS00002379   13
2010   001585467   5   INS00002402   13
2010   001585467   5   INS00173177   13
2010   001585467   5   INS00452025   13
2010   001585467   5   INS00493427   13
2010   001587784   2   INS00006025   13
2010   001587784   2   INS00006251   13
2010   001590396   3   INS00002487   3
2010   001590396   3   INS00113491   3
2010   001590396   3   INS00440269   3
2010   001592274   5   INS00002407   6
2010   001592274   5   INS00040533   6
2010   001592274   5   INS00112807   6
2010   001592274   5   INS00138263   6
2010   001592274   5   INS00157699   6
2010   001592407   1   INS00365703   4
2010   001595427   1   INS00005866   4
2010   001595679   2   INS00001600   30
2010   001595679   2   INS00006262   30
2010   001596999   2   INS00106163   5
2010   001596999   2   INS00403831   5
2010   001597539   1   INS00119242   98
2010   001599005   1   INS00108670   11
2010   001599355   3   INS00006197   8
2010   001599355   3   INS00088156   8
2010   001599355   3   INS00107941   8
2010   001599598   1   INS00006824   10
2010   001599604   5   INS00005068   17
2010   001599604   5   INS00006252   17
2010   001599604   5   INS00006254   17
2010   001599604   5   INS00034509   17
2010   001599604   5   INS00085116   17
2010   001600760   4   INS00001555   9
2010   001600760   4   INS00109981   9
2010   001600760   4   INS00112803   9
2010   001600760   4   INS00137997   9
2010   001603654   2   INS00001105   12
2010   001603654   2   INS00001599   12
2010   001603888   4   INS00006153   4
2010   001603888   4   INS00112828   4
2010   001603888   4   INS00114091   4
2010   001603888   4   INS00486965   4
2010   001607484   1   INS00601862   8
2010   001608777   2   INS00106167   1
2010   001608777   2   INS00366645   1
2010   001608848   1   INS00119242   98
2010   001609371   3   INS00000519   14
2010   001609371   3   INS00001137   14
2010   001609371   3   INS00057305   14
2010   001609620   2   INS00002409   1
2010   001609620   2   INS00501853   1
2010   001611594   3   INS00006573   117
2010   001611594   3   INS00006824   117
2010   001611594   3   INS00119242   117
2010   001613300   4   INS00002440   22
2010   001613300   4   INS00006197   22
2010   001613300   4   INS00088156   22
2010   001613300   4   INS00383569   22
2010   001613338   7   INS00006433   19
2010   001613338   7   INS00112810   19
2010   001613338   7   INS00163297   19
2010   001613338   7   INS00455792   19
2010   001613338   7   INS00458004   19
2010   001613338   7   INS00458005   19
2010   001613338   7   INS00601862   19
2010   001614540   5   INS00111351   9
2010   001614540   5   INS00260952   9
2010   001614540   5   INS00408952   9
2010   001614540   5   INS00572099   9
2010   001614540   5   INS00595342   9
2010   001621053   2   INS00002452   14
2010   001621053   2   INS00276958   14
2010   001623684   1   INS00005072   4
2010   001624752   2   INS00006573   9
2010   001624752   2   INS00132583   9
2010   001625240   2   INS00119242   100
2010   001625240   2   INS00411219   100
2010   001626612   3   INS00006197   8
2010   001626612   3   INS00088156   8
2010   001626612   3   INS00107941   8
2010   001628949   2   INS00006251   54
2010   001628949   2   INS00006909   54
2010   001630473   1   INS00175926   4
2010   001631345   3   INS00002107   3
2010   001631345   3   INS00002404   3
2010   001631345   3   INS00108677   3
2010   001633760   5   INS00006568   48
2010   001633760   5   INS00006569   48
2010   001633760   5   INS00006571   48
2010   001633760   5   INS00110415   48
2010   001633760   5   INS00605996   48
2010   001634900   3   INS00002382   7
2010   001634900   3   INS00079689   7
2010   001634900   3   INS00136569   7
2010   001638159   2   INS00000525   1
2010   001638159   2   INS00002107   1
2010   001639263   4   INS00006086   24
2010   001639263   4   INS00034503   24
2010   001639263   4   INS00079857   24
2010   001639263   4   INS00104917   24
2010   001643570   2   INS00006262   47
2010   001643570   2   INS00006909   47
2010   001644129   2   INS00005062   46
2010   001644129   2   INS00111348   46
2010   001644307   1   INS00011166   9
2010   001647917   4   INS00079880   98
2010   001647917   4   INS00119242   98
2010   001647917   4   INS00154738   98
2010   001647917   4   INS00598026   98
2010   001648057   1   INS00107130   3
2010   001649170   3   INS00006218   4
2010   001649170   3   INS00006220   4
2010   001649170   3   INS00110413   4
2010   001650583   1   INS00041038   0
2010   001651105   3   INS00005628   52
2010   001651105   3   INS00494075   52
2010   001651105   3   INS00544271   52
2010   001651698   3   INS00002440   22
2010   001651698   3   INS00002460   22
2010   001651698   3   INS00116450   22
2010   001653253   6   INS00006568   48
2010   001653253   6   INS00006569   48
2010   001653253   6   INS00006571   48
2010   001653253   6   INS00110415   48
2010   001653253   6   INS00112797   48
2010   001653253   6   INS00555929   48
2010   001654009   1   INS00119242   98
2010   001655697   1   INS00123486   9
2010   001656489   3   INS00002481   3
2010   001656489   3   INS00114089   3
2010   001656489   3   INS00497563   3
2010   001656700   1   INS00456861   5
2010   001657190   1   INS00123486   9
2010   001657593   3   INS00001138   13
2010   001657593   3   INS00005069   13
2010   001657593   3   INS00114097   13
2010   001659079   1   INS00002384   12
2010   001660113   3   INS00002448   16
2010   001660113   3   INS00064440   16
2010   001660113   3   INS00079888   16
2010   001660436   5   INS00002388   12
2010   001660436   5   INS00038284   12
2010   001660436   5   INS00079835   12
2010   001660436   5   INS00079839   12
2010   001660436   5   INS00500678   12
2010   001662468   2   INS00005069   10
2010   001662468   2   INS00006254   10
2010   001662566   2   INS00111351   4
2010   001662566   2   INS00408952   4
2010   001663803   1   INS00527946   0
2010   001666190   4   INS00002448   112
2010   001666190   4   INS00114949   112
2010   001666190   4   INS00119242   112
2010   001666190   4   INS00127537   112
2010   001667310   1   INS00172159   5
2010   001668130   1   INS00002479   3
2010   001671627   1   INS00006568   47
2010   001672428   1   INS00119242   98
2010   001672830   1   INS00506288   7
2010   001672900   5   INS00006568   48
2010   001672900   5   INS00006569   48
2010   001672900   5   INS00006571   48
2010   001672900   5   INS00455440   48
2010   001672900   5   INS00551213   48
2010   001673588   3   INS00002407   19
2010   001673588   3   INS00005134   19
2010   001673588   3   INS00159719   19
2010   001682120   2   INS00005062   45
2010   001682120   2   INS00006265   45
2010   001687369   1   INS00106164   6
2010   001687968   1   INS00002432   1
2010   001690551   3   INS00002491   4
2010   001690551   3   INS00269164   4
2010   001690551   3   INS00459690   4
2010   001690785   2   INS00485881   9
2010   001690785   2   INS00506162   9
2010   001691700   1   INS00073420   5
2010   001694579   1   INS00119242   98
2010   001696143   2   INS00034560   2
2010   001696143   2   INS00527942   2
2010   001698344   2   INS00002384   12
2010   001698344   2   INS00126521   12
2010   001699557   1   INS00500678   5
2010   001701735   1   INS00001111   10
2010   001701922   1   INS00494075   36
2010   001703284   6   INS00001264   49
2010   001703284   6   INS00006568   49
2010   001703284   6   INS00006569   49
2010   001703284   6   INS00006571   49
2010   001703284   6   INS00492035   49
2010   001703284   6   INS00551213   49
2010   001708137   6   INS00006568   48
2010   001708137   6   INS00006569   48
2010   001708137   6   INS00006571   48
2010   001708137   6   INS00110415   48
2010   001708137   6   INS00112797   48
2010   001708137   6   INS00492113   48
2010   001708271   4   INS00001137   2
2010   001708271   4   INS00034541   2
2010   001708271   4   INS00253245   2
2010   001708271   4   INS00456986   2
2010   001709170   3   INS00002397   17
2010   001709170   3   INS00002444   17
2010   001709170   3   INS00005305   17
2010   001709911   3   INS00005068   17
2010   001709911   3   INS00005069   17
2010   001709911   3   INS00005073   17
2010   001711320   2   INS00160406   5
2010   001711320   2   INS00548294   5
2010   001713360   2   INS00006096   3
2010   001713360   2   INS00478584   3
2010   001715599   4   INS00005062   53
2010   001715599   4   INS00005069   53
2010   001715599   4   INS00006265   53
2010   001715599   4   INS00025489   53
2010   001717280   1   INS00005066   8
2010   001717323   2   INS00000519   12
2010   001717323   2   INS00105327   12
2010   001717940   1   INS00002468   1
2010   001722495   1   INS00165852   9
2010   001724417   3   INS00002412   7
2010   001724417   3   INS00002444   7
2010   001724417   3   INS00114805   7
2010   001725049   2   INS00002441   7
2010   001725049   2   INS00005861   7
2010   001725405   5   INS00002428   29
2010   001725405   5   INS00005628   29
2010   001725405   5   INS00005631   29
2010   001725405   5   INS00005858   29
2010   001725405   5   INS00508997   29
2010   001729075   2   INS00006909   43
2010   001729075   2   INS00074083   43
2010   001729084   2   INS00005067   3
2010   001729084   2   INS00168861   3
2010   001733096   3   INS00002385   8
2010   001733096   3   INS00172159   8
2010   001733096   3   INS00366643   8
2010   001735582   1   INS00119242   98
2010   001735635   1   INS00122058   0
2010   001736580   4   INS00006568   48
2010   001736580   4   INS00006569   48
2010   001736580   4   INS00006571   48
2010   001736580   4   INS00455440   48
2010   001737756   2   INS00006086   24
2010   001737756   2   INS00105000   24
2010   001739438   2   INS00006587   1
2010   001739438   2   INS00020212   1
2010   001745079   2   INS00006086   24
2010   001745079   2   INS00104995   24
2010   001745471   1   INS00002491   4
2010   001747028   5   INS00006197   16
2010   001747028   5   INS00006201   16
2010   001747028   5   INS00011166   16
2010   001747028   5   INS00037039   16
2010   001747028   5   INS00114088   16
2010   001749381   3   INS00000519   12
2010   001749381   3   INS00056936   12
2010   001749381   3   INS00169157   12
2010   001751782   1   INS00403832   4
2010   001752091   2   INS00005065   4
2010   001752091   2   INS00118960   4
2010   001752402   3   INS00005134   14
2010   001752402   3   INS00029674   14
2010   001752402   3   INS00042377   14
2010   001753482   1   INS00001600   20
2010   001753910   1   INS00500678   5
2010   001753965   6   INS00006568   48
2010   001753965   6   INS00006569   48
2010   001753965   6   INS00006571   48
2010   001753965   6   INS00412074   48
2010   001753965   6   INS00492034   48
2010   001753965   6   INS00551213   48
2010   001754130   4   INS00006573   19
2010   001754130   4   INS00006575   19
2010   001754130   4   INS00079863   19
2010   001754130   4   INS00403853   19
2010   001754757   1   INS00006749   6
2010   001755315   2   INS00006575   20
2010   001755315   2   INS00006824   20
2010   001755638   1   INS00006153   3
2010   001755727   2   INS00002379   8
2010   001755727   2   INS00002402   8
2010   001755790   1   INS00006262   10
2010   001756798   2   INS00006827   112
2010   001756798   2   INS00119242   112
2010   001757463   1   INS00002457   4
2010   001757768   1   INS00001111   10
2010   001758040   1   INS00038269   0
2010   001758738   3   INS00006575   12
2010   001758738   3   INS00365886   12
2010   001758738   3   INS00411219   12
2010   001758980   1   INS00506288   7
2010   001759987   4   INS00002440   23
2010   001759987   4   INS00006197   23
2010   001759987   4   INS00006199   23
2010   001759987   4   INS00166897   23
2010   001760271   1   INS00074117   7
2010   001761143   2   INS00002459   10
2010   001761143   2   INS00005305   10
2010   001761152   1   INS00106164   6
2010   001766426   3   INS00002417   28
2010   001766426   3   INS00006086   28
2010   001766426   3   INS00104980   28
2010   001766435   3   INS00001105   14
2010   001766435   3   INS00006253   14
2010   001766435   3   INS00061823   14
2010   001766589   2   INS00006827   23
2010   001766589   2   INS00165852   23
2010   001766604   1   INS00119242   98
2010   001766640   5   INS00006575   105
2010   001766640   5   INS00114103   105
2010   001766640   5   INS00119242   105
2010   001766640   5   INS00365886   105
2010   001766640   5   INS00584520   105
2010   001770788   1   INS00119242   98
2010   001770984   1   INS00367438   5
2010   001774348   2   INS00002388   6
2010   001774348   2   INS00281100   6
2010   001780247   2   INS00454407   0
2010   001780247   2   INS00500080   0
2010   001780292   1   INS00005628   17
2010   001781932   2   INS00006262   47
2010   001781932   2   INS00006909   47
2010   001782920   1   INS00006909   41
2010   001784282   3   INS00034523   2
2010   001784282   3   INS00083226   2
2010   001784282   3   INS00366902   2
2010   001785314   4   INS00006568   48
2010   001785314   4   INS00006569   48
2010   001785314   4   INS00006571   48
2010   001785314   4   INS00492035   48
2010   001786699   1   INS00001111   10
2010   001787195   2   INS00074161   2
2010   001787195   2   INS00467934   2
2010   001788675   4   INS00006575   10
2010   001788675   4   INS00034514   10
2010   001788675   4   INS00125374   10
2010   001788675   4   INS00543200   10
2010   001790190   2   INS00002448   16
2010   001790190   2   INS00127537   16
2010   001791438   1   INS00002473   4
2010   001791895   3   INS00002379   106
2010   001791895   3   INS00119242   106
2010   001791895   3   INS00408952   106
2010   001792159   2   INS00011171   17
2010   001792159   2   INS00455464   17
2010   001792800   1   INS00456861   5
2010   001796416   2   INS00006086   24
2010   001796416   2   INS00104995   24
2010   001797950   2   INS00458002   8
2010   001797950   2   INS00601862   8
2010   001799614   1   INS00002473   4
2010   001801543   1   INS00002452   14
2010   001801839   5   INS00006086   25
2010   001801839   5   INS00034503   25
2010   001801839   5   INS00079857   25
2010   001801839   5   INS00104920   25
2010   001801839   5   INS00115290   25
2010   001802596   1   INS00119242   98
2010   001802872   3   INS00000519   12
2010   001802872   3   INS00006264   12
2010   001802872   3   INS00023110   12
2010   001804302   1   INS00005071   5
2010   001804821   3   INS00006847   3
2010   001804821   3   INS00110573   3
2010   001804821   3   INS00113108   3
2010   001808778   2   INS00005062   49
2010   001808778   2   INS00074018   49
2010   001810918   1   INS00002384   12
2010   001813132   1   INS00564505   3
2010   001814873   3   INS00000719   3
2010   001814873   3   INS00002412   3
2010   001814873   3   INS00114805   3
2010   001814971   2   INS00000519   12
2010   001814971   2   INS00105327   12
2010   001815333   3   INS00005063   13
2010   001815333   3   INS00005066   13
2010   001815333   3   INS00123712   13
2010   001815370   1   INS00578536   0
2010   001817294   1   INS00002448   16
2010   001817418   1   INS00485881   8
2010   001818522   7   INS00001140   13
2010   001818522   7   INS00006433   13
2010   001818522   7   INS00034523   13
2010   001818522   7   INS00112810   13
2010   001818522   7   INS00395377   13
2010   001818522   7   INS00401691   13
2010   001818522   7   INS00553223   13
2010   001818700   2   INS00002378   4
2010   001818700   2   INS00265988   4
2010   001827915   1   INS00073981   0
2010   001830053   3   INS00001600   20
2010   001830053   3   INS00005955   20
2010   001830053   3   INS00006717   20
2010   001833912   1   INS00119242   98
2010   001836754   1   INS00595342   5
2010   001839433   2   INS00006573   9
2010   001839433   2   INS00454553   9
2010   001844291   1   INS00119242   98
2010   001844578   2   INS00011135   0
2010   001844578   2   INS00172789   0
2010   001846760   1   INS00002384   12
2010   001847041   1   INS00119242   98
2010   001847640   3   INS00006086   24
2010   001847640   3   INS00104918   24
2010   001847640   3   INS00458348   24
2010   001848307   3   INS00005069   15
2010   001848307   3   INS00006253   15
2010   001848307   3   INS00606001   15
2010   001853245   4   INS00006568   48
2010   001853245   4   INS00006569   48
2010   001853245   4   INS00006571   48
2010   001853245   4   INS00455440   48
2010   001853998   2   INS00002439   17
2010   001853998   2   INS00002493   17
2010   001855179   1   INS00002478   1
2010   001856096   5   INS00002372   8
2010   001856096   5   INS00002402   8
2010   001856096   5   INS00114971   8
2010   001856096   5   INS00166301   8
2010   001856096   5   INS00493427   8
2010   001857520   1   INS00512163   3
2010   001857988   1   INS00162102   2
2010   001858018   2   INS00002428   15
2010   001858018   2   INS00108670   15
2010   001858537   2   INS00001292   45
2010   001858537   2   INS00005062   45
2010   001858760   4   INS00005062   90
2010   001858760   4   INS00006909   90
2010   001858760   4   INS00111348   90
2010   001858760   4   INS00564505   90
2010   001859580   3   INS00006218   5
2010   001859580   3   INS00006220   5
2010   001859580   3   INS00105728   5
2010   001860016   1   INS00006086   24
2010   001860179   1   INS00119242   98
2010   001860197   3   INS00001600   24
2010   001860197   3   INS00005072   24
2010   001860197   3   INS00526946   24
2010   001861873   11   INS00002481   12
2010   001861873   11   INS00005625   12
2010   001861873   11   INS00005626   12
2010   001861873   11   INS00034468   12
2010   001861873   11   INS00038290   12
2010   001861873   11   INS00079788   12
2010   001861873   11   INS00087103   12
2010   001861873   11   INS00087291   12
2010   001861873   11   INS00114089   12
2010   001861873   11   INS00409656   12
2010   001861873   11   INS00593893   12
2010   001863831   1   INS00119242   98
2010   001864365   2   INS00005066   8
2010   001864365   2   INS00006888   8
2010   001864525   3   INS00002397   13
2010   001864525   3   INS00005305   13
2010   001864525   3   INS00458208   13
2010   001865863   2   INS00006568   47
2010   001865863   2   INS00551213   47
2010   001866744   1   INS00119242   98
2010   001866815   2   INS00002371   7
2010   001866815   2   INS00272821   7
2010   001866913   3   INS00002457   7
2010   001866913   3   INS00366667   7
2010   001866913   3   INS00467934   7
2010   001869192   1   INS00074044   0
2010   001871341   3   INS00006569   41
2010   001871341   3   INS00006749   41
2010   001871341   3   INS00455440   41
2010   001873210   2   INS00006909   48
2010   001873210   2   INS00506288   48
2010   001873758   2   INS00002491   4
2010   001873758   2   INS00112780   4
2010   001874245   1   INS00006909   41
2010   001874399   2   INS00160406   7
2010   001874399   2   INS00488197   7
2010   001876061   6   INS00001105   40
2010   001876061   6   INS00001111   40
2010   001876061   6   INS00001599   40
2010   001876061   6   INS00001600   40
2010   001876061   6   INS00001602   40
2010   001876061   6   INS00079723   40
2010   001877579   1   INS00106184   5
2010   001879967   1   INS00005861   5
2010   001880921   3   INS00006086   25
2010   001880921   3   INS00366650   25
2010   001880921   3   INS00458348   25
2010   001882078   2   INS00006909   42
2010   001882078   2   INS00578384   42
2010   001882470   3   INS00006197   8
2010   001882470   3   INS00088156   8
2010   001882470   3   INS00107941   8
2010   001883469   2   INS00005062   46
2010   001883469   2   INS00111348   46
2010   001884054   1   INS00136243   0
2010   001884303   1   INS00104980   3
2010   001884662   1   INS00123486   9
2010   001886308   1   INS00107130   3
2010   001887931   1   INS00506288   7
2010   001890033   3   INS00002447   6
2010   001890033   3   INS00061708   6
2010   001890033   3   INS00455934   6
2010   001891219   2   INS00268347   0
2010   001891219   2   INS00563196   0
2010   001894346   2   INS00002428   15
2010   001894346   2   INS00108670   15
2010   001896556   2   INS00005628   19
2010   001896556   2   INS00261082   19
2010   001898102   1   INS00162102   2
2010   001899585   7   INS00006568   49
2010   001899585   7   INS00006569   49
2010   001899585   7   INS00006570   49
2010   001899585   7   INS00006571   49
2010   001899585   7   INS00026250   49
2010   001899585   7   INS00110415   49
2010   001899585   7   INS00112797   49
2010   001900908   4   INS00006568   48
2010   001900908   4   INS00006569   48
2010   001900908   4   INS00006571   48
2010   001900908   4   INS00455440   48
2010   001901370   1   INS00119242   98
2010   001902911   2   INS00002448   16
2010   001902911   2   INS00127537   16
2010   001903660   2   INS00006086   24
2010   001903660   2   INS00104918   24
2010   001903730   3   INS00002417   25
2010   001903730   3   INS00006086   25
2010   001903730   3   INS00458348   25
2010   001903740   3   INS00005062   49
2010   001903740   3   INS00006265   49
2010   001903740   3   INS00074018   49
2010   001905824   1   INS00488197   2
2010   001906803   3   INS00006575   10
2010   001906803   3   INS00365886   10
2010   001906803   3   INS00584520   10
2010   001907041   2   INS00002402   8
2010   001907041   2   INS00493427   8
2010   001907355   2   INS00001111   13
2010   001907355   2   INS00366681   13
2010   001907408   3   INS00005068   32
2010   001907408   3   INS00006251   32
2010   001907408   3   INS00114380   32
2010   001907453   3   INS00003764   0
2010   001907453   3   INS00093303   0
2010   001907453   3   INS00480795   0
2010   001908156   1   INS00114380   15
2010   001910145   1   INS00119242   98
2010   001911231   1   INS00005062   45
2010   001911634   1   INS00104611   0
2010   001911670   4   INS00002341   3
2010   001911670   4   INS00002385   3
2010   001911670   4   INS00137801   3
2010   001911670   4   INS00597537   3
2010   001911939   2   INS00079795   9
2010   001911939   2   INS00123486   9
2010   001912041   3   INS00000760   43
2010   001912041   3   INS00000761   43
2010   001912041   3   INS00006909   43
2010   001914000   2   INS00006686   0
2010   001914000   2   INS00516782   0
2010   001914117   3   INS00005070   2
2010   001914117   3   INS00114072   2
2010   001914117   3   INS00566663   2
2010   001915956   2   INS00005068   22
2010   001915956   2   INS00006251   22
2010   001921327   1   INS00464403   1
2010   001921621   2   INS00119242   98
2010   001921621   2   INS00598027   98
2010   001927320   2   INS00005628   18
2010   001927320   2   INS00564511   18
2010   001927358   3   INS00005859   100
2010   001927358   3   INS00007400   100
2010   001927358   3   INS00119242   100
2010   001937185   1   INS00006747   1
2010   001940304   3   INS00006086   24
2010   001940304   3   INS00104918   24
2010   001940304   3   INS00458348   24
2010   001944297   2   INS00001555   12
2010   001944297   2   INS00002479   12
2010   001947225   3   INS00002448   30
2010   001947225   3   INS00006827   30
2010   001947225   3   INS00127537   30
2010   001947904   1   INS00002473   4
2010   001950285   3   INS00006086   24
2010   001950285   3   INS00104918   24
2010   001950285   3   INS00115290   24
2010   001952000   2   INS00006433   11
2010   001952000   2   INS00112810   11
2010   001952038   2   INS00006433   11
2010   001952038   2   INS00112810   11
2010   001952172   6   INS00006568   48
2010   001952172   6   INS00006569   48
2010   001952172   6   INS00006571   48
2010   001952172   6   INS00110415   48
2010   001952172   6   INS00112797   48
2010   001952172   6   INS00395708   48
2010   001952314   3   INS00149736   8
2010   001952314   3   INS00458002   8
2010   001952314   3   INS00601862   8
2010   001953877   2   INS00002440   22
2010   001953877   2   INS00002454   22
2010   001954874   1   INS00367420   2
2010   001955076   3   INS00002452   14
2010   001955076   3   INS00276958   14
2010   001955076   3   INS00434613   14
2010   001956144   4   INS00006568   48
2010   001956144   4   INS00006569   48
2010   001956144   4   INS00006571   48
2010   001956144   4   INS00492035   48
2010   001957830   2   INS00034473   37
2010   001957830   2   INS00494075   37
2010   001959718   5   INS00005134   16
2010   001959718   5   INS00029674   16
2010   001959718   5   INS00059498   16
2010   001959718   5   INS00086798   16
2010   001959718   5   INS00567036   16
2010   001963720   1   INS00165487   3
2010   001965555   1   INS00011171   17
2010   001970887   2   INS00006825   15
2010   001970887   2   INS00367438   15
2010   001971356   1   INS00002440   17
2010   001971623   1   INS00539755   8
2010   001972291   1   INS00002440   17
2010   001972317   2   INS00006433   11
2010   001972317   2   INS00112810   11
2010   007049442   2   INS00005062   45
2010   007049442   2   INS00006265   45
2010   007213727   1   INS00002439   14
2010   007219604   3   INS00002439   17
2010   007219604   3   INS00002493   17
2010   007219604   3   INS00168141   17
2010   007252547   1   INS00005136   4
2010   007255736   2   INS00074055   3
2010   007255736   2   INS00366681   3
2010   007338991   1   INS00006911   1
2010   007390300   1   INS00011169   4
2010   100774130   2   INS00006251   38
2010   100774130   2   INS00111348   38
2010   100814835   2   INS00002440   17
2010   100814835   2   INS00110940   17
2010   100816034   1   INS00165852   9
2010   100819484   1   INS00123486   9
2010   100819733   1   INS00005062   45
2010   100849429   1   INS00365703   4
2010   100866448   1   INS00485881   8
2010   100906427   3   INS00002475   14
2010   100906427   3   INS00006573   14
2010   100906427   3   INS00408952   14
2010   100922636   1   INS00106164   6
2010   100936186   2   INS00172159   5
2010   100936186   2   INS00492927   5
2010   100938350   1   INS00005628   17
2010   100948276   2   INS00005062   46
2010   100948276   2   INS00111348   46
2010   100958880   2   INS00005123   41
2010   100958880   2   INS00006909   41
2010   100963559   3   INS00002439   17
2010   100963559   3   INS00002493   17
2010   100963559   3   INS00108668   17
2010   100967600   4   INS00002417   5
2010   100967600   4   INS00038301   5
2010   100967600   4   INS00480904   5
2010   100967600   4   INS00564858   5
2010   100971390   1   INS00002377   4
2010   100999990   1   INS00011171   17
2010   101002853   1   INS00011171   17
2010   101007994   4   INS00002452   19
2010   101007994   4   INS00005984   19
2010   101007994   4   INS00006747   19
2010   101007994   4   INS00114101   19
2010   101012911   1   INS00002040   0
2010   101023488   3   INS00001555   9
2010   101023488   3   INS00001556   9
2010   101023488   3   INS00386249   9
2010   101032825   6   INS00002384   18
2010   101032825   6   INS00005625   18
2010   101032825   6   INS00005626   18
2010   101032825   6   INS00073586   18
2010   101032825   6   INS00409656   18
2010   101032825   6   INS00593893   18
2010   101036860   1   INS00002432   1
2010   101040110   2   INS00005065   4
2010   101040110   2   INS00118960   4
2010   101044460   3   INS00005064   4
2010   101044460   3   INS00005072   4
2010   101044460   3   INS00112793   4
2010   101055418   1   INS00119242   98
2010   101055820   1   INS00119242   98
2010   101058518   1   INS00001600   20
2010   101081534   1   INS00074117   7
2010   101089739   1   INS00366904   2
2010   101106016   1   INS00174384   0
2010   101117477   2   INS00002371   10
2010   101117477   2   INS00595342   10
2010   101119883   1   INS00006252   6
2010   101139840   4   INS00005984   16
2010   101139840   4   INS00006433   16
2010   101139840   4   INS00112810   16
2010   101139840   4   INS00114101   16
2010   101149971   1   INS00276901   3
2010   101161072   1   INS00001111   10
2010   101167497   1   INS00003716   0
2010   101195080   1   INS00044927   0
2010   101198232   1   INS00119242   98
2010   101205355   1   INS00485881   8
2010   101208348   2   INS00002477   2
2010   101208348   2   INS00452023   2
2010   101219243   1   INS00493427   6
2010   101220763   1   INS00172159   5
2010   101230231   1   INS00106184   5
2010   101235962   1   INS00564505   3
2010   101249144   1   INS00104920   4
2010   101257880   2   INS00006262   47
2010   101257880   2   INS00006909   47
2010   101291030   2   INS00005062   49
2010   101291030   2   INS00074018   49
2010   101308236   4   INS00006086   25
2010   101308236   4   INS00034503   25
2010   101308236   4   INS00079857   25
2010   101308236   4   INS00104920   25
2010   101313648   1   INS00119242   98
2010   101314547   1   INS00006253   5
2010   101317825   1   INS00002439   14
2010   101321686   2   INS00002460   8
2010   101321686   2   INS00116450   8
2010   101338164   1   INS00539755   8
2010   101352889   2   INS00005134   14
2010   101352889   2   INS00029674   14
2010   101358200   2   INS00002439   17
2010   101358200   2   INS00002493   17
2010   101359647   2   INS00002444   5
2010   101359647   2   INS00014915   5
2010   101368314   4   INS00006568   48
2010   101368314   4   INS00006569   48
2010   101368314   4   INS00006571   48
2010   101368314   4   INS00492035   48
2010   101375417   1   INS00119242   98
2010   101375749   4   INS00002457   42
2010   101375749   4   INS00005624   42
2010   101375749   4   INS00366667   42
2010   101375749   4   INS00494075   42
2010   101376512   1   INS00119242   98
2010   101379588   4   INS00006568   48
2010   101379588   4   INS00006569   48
2010   101379588   4   INS00006571   48
2010   101379588   4   INS00492035   48
2010   101394708   2   INS00005624   36
2010   101394708   2   INS00494075   36
2010   101394726   5   INS00006086   25
2010   101394726   5   INS00034503   25
2010   101394726   5   INS00079857   25
2010   101394726   5   INS00104920   25
2010   101394726   5   INS00115290   25
2010   101396041   2   INS00006018   5
2010   101396041   2   INS00455934   5
2010   101401606   1   INS00494075   36
2010   101413367   1   INS00119242   98
2010   101429939   2   INS00002390   98
2010   101429939   2   INS00119242   98
2010   101438400   2   INS00005062   59
2010   101438400   2   INS00114380   59
2010   101450834   2   INS00006746   4
2010   101450834   2   INS00398313   4
2010   101461248   3   INS00002448   112
2010   101461248   3   INS00119242   112
2010   101461248   3   INS00127537   112
2010   101462906   2   INS00002448   16
2010   101462906   2   INS00262364   16
2010   101483174   4   INS00005134   23
2010   101483174   4   INS00059010   23
2010   101483174   4   INS00059498   23
2010   101483174   4   INS00601862   23
2010   101505164   1   INS00114380   15
2010   101514459   6   INS00006573   18
2010   101514459   6   INS00006575   18
2010   101514459   6   INS00101329   18
2010   101514459   6   INS00118694   18
2010   101514459   6   INS00118972   18
2010   101514459   6   INS00597788   18
2010   101516515   2   INS00005859   2
2010   101516515   2   INS00456350   2
2010   101520661   3   INS00002382   105
2010   101520661   3   INS00113476   105
2010   101520661   3   INS00119242   105
2010   101528795   4   INS00006568   48
2010   101528795   4   INS00006569   48
2010   101528795   4   INS00006571   48
2010   101528795   4   INS00112797   48
2010   101530775   4   INS00005567   5
2010   101530775   4   INS00079869   5
2010   101530775   4   INS00366083   5
2010   101530775   4   INS00367438   5
2010   101540950   2   INS00006433   11
2010   101540950   2   INS00112810   11
2010   101576120   1   INS00006909   41
2010   101580928   1   INS00367438   5
2010   101622071   1   INS00006909   41
2010   101624773   1   INS00002440   17
2010   101628370   1   INS00002371   7
2010   101639883   2   INS00005134   13
2010   101639883   2   INS00009765   13
2010   101645808   1   INS00005984   5
2010   101656392   2   INS00005062   46
2010   101656392   2   INS00111348   46
2010   101663904   1   INS00005062   45
2010   101664287   2   INS00005062   46
2010   101664287   2   INS00111348   46
2010   101670005   1   INS00006825   10
2010   101692853   5   INS00001264   49
2010   101692853   5   INS00006568   49
2010   101692853   5   INS00006569   49
2010   101692853   5   INS00006571   49
2010   101692853   5   INS00492035   49
2010   101694947   4   INS00002487   3
2010   101694947   4   INS00046463   3
2010   101694947   4   INS00079790   3
2010   101694947   4   INS00556110   3
2010   101695130   2   INS00006433   11
2010   101695130   2   INS00112810   11
2010   101697063   2   INS00366648   37
2010   101697063   2   INS00494075   37
2010   101698688   2   INS00001600   28
2010   101698688   2   INS00539755   28
2010   101703222   5   INS00006568   48
2010   101703222   5   INS00006569   48
2010   101703222   5   INS00006571   48
2010   101703222   5   INS00492035   48
2010   101703222   5   INS00565045   48
2010   101708149   2   INS00005062   46
2010   101708149   2   INS00111348   46
2010   101710915   3   INS00006218   5
2010   101710915   3   INS00006220   5
2010   101710915   3   INS00105728   5
2010   101713686   1   INS00119242   98
2010   101727190   1   INS00105728   3
2010   101727270   1   INS00011167   4
2010   101728508   1   INS00398313   2
2010   101729247   1   INS00006909   41
2010   101734078   1   INS00119242   98
2010   101734130   2   INS00006753   100
2010   101734130   2   INS00119242   100
2010   101736949   2   INS00005859   2
2010   101736949   2   INS00007400   2
2010   101738101   1   INS00119242   98
2010   101745302   3   INS00006252   22
2010   101745302   3   INS00114380   22
2010   101745302   3   INS00529591   22
2010   101747719   1   INS00561433   2
2010   101758937   2   INS00002415   8
2010   101758937   2   INS00367435   8
2010   101763285   1   INS00002440   17
2010   101765109   1   INS00001555   9
2010   101766877   1   INS00006909   41
2010   101769064   4   INS00002384   13
2010   101769064   4   INS00022804   13
2010   101769064   4   INS00089723   13
2010   101769064   4   INS00126521   13
2010   101785961   1   INS00006909   41
2010   101832130   1   INS00173177   2
2010   101840348   2   INS00002459   1
2010   101840348   2   INS00171618   1
2010   101852429   3   INS00006252   12
2010   101852429   3   INS00500678   12
2010   101852429   3   INS00529591   12
2010   101858610   1   INS00104980   3
2010   101859706   4   INS00006568   48
2010   101859706   4   INS00006569   48
2010   101859706   4   INS00006571   48
2010   101859706   4   INS00112797   48
2010   101860654   1   INS00006568   47
2010   101861034   2   INS00005062   46
2010   101861034   2   INS00111348   46
2010   101865955   1   INS00007413   2
2010   101875165   3   INS00005624   37
2010   101875165   3   INS00494075   37
2010   101875165   3   INS00544271   37
2010   101902914   1   INS00006909   41
2010   101920654   1   INS00011171   17
2010   101927619   2   INS00002415   8
2010   101927619   2   INS00367435   8
2010   101931809   2   INS00002460   8
2010   101931809   2   INS00116450   8
2010   101931818   3   INS00006086   25
2010   101931818   3   INS00104917   25
2010   101931818   3   INS00104920   25
2010   101938013   2   INS00005134   13
2010   101938013   2   INS00138985   13
2010   101954607   1   INS00001611   0
2010   101961076   2   INS00001105   9
2010   101961076   2   INS00061823   9
2010   101974430   1   INS00002460   8
2010   101974637   1   INS00005628   17
2010   101975240   4   INS00005062   50
2010   101975240   4   INS00074018   50
2010   101975240   4   INS00103662   50
2010   101975240   4   INS00111348   50
2010   101976266   1   INS00119087   0
2010   101981328   1   INS00001600   20
2010   101984660   2   INS00119242   100
2010   101984660   2   INS00604884   100
2010   101985621   1   INS00409132   1
2010   102001583   2   INS00002388   47
2010   102001583   2   INS00006909   47
2010   102002590   3   INS00001184   21
2010   102002590   3   INS00011167   21
2010   102002590   3   INS00011171   21
2010   102004413   1   INS00006909   41
2010   102004496   2   INS00011123   5
2010   102004496   2   INS00500678   5
2010   102019757   1   INS00276901   3
2010   102023366   1   INS00506288   7
2010   102030048   1   INS00119242   98
2010   102030217   1   INS00119242   98
2010   102042488   1   INS00011152   0
2010   102047081   1   INS00119242   98
2010   102063620   3   INS00002433   1
2010   102063620   3   INS00114091   1
2010   102063620   3   INS00520539   1
2010   102065590   1   INS00119242   98
2010   102068134   1   INS00001600   20
2010   102072576   1   INS00119242   98
2010   102074454   2   INS00005624   36
2010   102074454   2   INS00494075   36
2010   102075308   2   INS00107941   3
2010   102075308   2   INS00486730   3
2010   102076806   1   INS00002385   3
2010   102079497   2   INS00002457   6
2010   102079497   2   INS00366667   6
2010   102079568   2   INS00006909   49
2010   102079568   2   INS00011166   49
2010   102079577   5   INS00002439   26
2010   102079577   5   INS00002486   26
2010   102079577   5   INS00002493   26
2010   102079577   5   INS00108668   26
2010   102079577   5   INS00165852   26
2010   102089949   1   INS00119242   98
2010   102095070   4   INS00001166   0
2010   102095070   4   INS00004959   0
2010   102095070   4   INS00017642   0
2010   102095070   4   INS00051184   0
2010   102096970   1   INS00006568   47
2010   102098240   2   INS00006749   47
2010   102098240   2   INS00006909   47
2010   102100269   1   INS00119242   98
2010   102100349   2   INS00001819   0
2010   102100349   2   INS00108534   0
2010   102110078   1   INS00006909   41
2010   102112330   1   INS00005625   9
2010   102116026   4   INS00006568   48
2010   102116026   4   INS00006569   48
2010   102116026   4   INS00006571   48
2010   102116026   4   INS00110415   48
2010   102124547   1   INS00119242   98
2010   102124841   1   INS00006909   41
2010   102125633   1   INS00006423   0
2010   102125740   2   INS00006086   24
2010   102125740   2   INS00041565   24
2010   102134928   4   INS00006575   104
2010   102134928   4   INS00119242   104
2010   102134928   4   INS00365886   104
2010   102134928   4   INS00584520   104
2010   102144209   2   INS00002439   14
2010   102144209   2   INS00108668   14
2010   102146802   1   INS00006568   47
2010   102147167   2   INS00410464   0
2010   102147167   2   INS00593794   0
2010   102148360   1   INS00119242   98
2010   102150180   1   INS00119242   98
2010   102153629   1   INS00005063   5
2010   102154582   1   INS00000610   0
2010   102161326   2   INS00006202   2
2010   102161326   2   INS00114100   2
2010   102163554   1   INS00104980   3
2010   102164936   2   INS00005625   45
2010   102164936   2   INS00494075   45
2010   102167141   4   INS00006218   18
2010   102167141   4   INS00006749   18
2010   102167141   4   INS00010210   18
2010   102167141   4   INS00074117   18
2010   102167268   1   INS00494075   36
2010   102171485   1   INS00137578   1
2010   102174173   1   INS00114380   15
2010   102174727   1   INS00119242   98
2010   102175985   1   INS00119242   98
2010   102176015   1   INS00539755   8
2010   102176516   1   INS00367435   7
2010   102177531   1   INS00006909   41
2010   102178379   1   INS00005865   2
2010   102178790   3   INS00005062   52
2010   102178790   3   INS00074117   52
2010   102178790   3   INS00111348   52
2010   102179124   2   INS00004977   98
2010   102179124   2   INS00119242   98
2010   102180223   5   INS00002180   2
2010   102180223   5   INS00110396   2
2010   102180223   5   INS00116137   2
2010   102180223   5   INS00367291   2
2010   102180223   5   INS00405022   2
2010   102185319   2   INS00002460   8
2010   102185319   2   INS00116450   8
2010   102185570   2   INS00005062   46
2010   102185570   2   INS00111348   46
2010   102188375   2   INS00001111   10
2010   102188375   2   INS00492063   10
2010   102191272   1   INS00002443   1
2010   102191719   1   INS00539755   8
2010   102192921   5   INS00006568   48
2010   102192921   5   INS00006569   48
2010   102192921   5   INS00006571   48
2010   102192921   5   INS00022894   48
2010   102192921   5   INS00112797   48
2010   102195253   3   INS00005071   7
2010   102195253   3   INS00010210   7
2010   102195253   3   INS00498199   7
2010   102195638   2   INS00005062   46
2010   102195638   2   INS00111348   46
2010   102197285   4   INS00002493   60
2010   102197285   4   INS00005062   60
2010   102197285   4   INS00073420   60
2010   102197285   4   INS00111348   60
2010   102197516   2   INS00006568   47
2010   102197516   2   INS00112797   47
2010   102197534   1   INS00004876   0
2010   102199190   2   INS00022804   1
2010   102199190   2   INS00050301   1
2010   102202106   1   INS00485881   8
2010   102202714   2   INS00005063   13
2010   102202714   2   INS00539755   13
2010   102208244   1   INS00001600   20
2010   102209377   2   INS00001105   9
2010   102209377   2   INS00061823   9
2010   102211885   5   INS00006568   48
2010   102211885   5   INS00006569   48
2010   102211885   5   INS00006571   48
2010   102211885   5   INS00045957   48
2010   102211885   5   INS00124796   48
2010   102215893   3   INS00005062   50
2010   102215893   3   INS00074018   50
2010   102215893   3   INS00111348   50
2010   102217898   3   INS00005134   15
2010   102217898   3   INS00059010   15
2010   102217898   3   INS00059498   15
2010   102218877   2   INS00001264   2
2010   102218877   2   INS00110664   2
2010   102221012   1   INS00005068   10
2010   102222065   2   INS00106184   5
2010   102222065   2   INS00468280   5
2010   102224462   3   INS00005062   60
2010   102224462   3   INS00111348   60
2010   102224462   3   INS00114380   60
2010   102226609   1   INS00119242   98
2010   102232740   3   INS00005624   36
2010   102232740   3   INS00456711   36
2010   102232740   3   INS00494075   36
2010   102238501   1   INS00003438   0
2010   102243252   1   INS00002430   0
2010   102243575   1   INS00006909   41
2010   102254630   1   INS00005866   4
2010   102257801   1   INS00494075   36
2010   102264127   1   INS00011171   17
2010   102270115   2   INS00173177   5
2010   102270115   2   INS00512163   5
2010   102271177   1   INS00002416   9
2010   102273743   1   INS00458243   0
2010   102275560   2   INS00002115   17
2010   102275560   2   INS00011171   17
2010   102275668   2   INS00006086   24
2010   102275668   2   INS00458348   24
2010   102276861   1   INS00455934   5
2010   102280514   1   INS00011171   17
2010   102291222   5   INS00006400   2
2010   102291222   5   INS00011270   2
2010   102291222   5   INS00110402   2
2010   102291222   5   INS00544733   2
2010   102291222   5   INS00604884   2
2010   102294510   2   INS00119242   106
2010   102294510   2   INS00485881   106
2010   102294986   1   INS00001998   0
2010   102297610   1   INS00119242   98
2010   102299060   1   INS00119242   98
2010   102300626   2   INS00001600   20
2010   102300626   2   INS00006508   20
2010   102301580   1   INS00119242   98
2010   102304429   1   INS00119086   0
2010   102306835   1   INS00575957   1
2010   102310195   1   INS00493427   6
2010   102316134   2   INS00005611   0
2010   102316134   2   INS00569488   0
2010   102317777   2   INS00601860   8
2010   102317777   2   INS00601862   8
2010   102318460   3   INS00457997   8
2010   102318460   3   INS00457998   8
2010   102318460   3   INS00601862   8
2010   102319600   1   INS00001600   20
2010   102322561   1   INS00494075   36
2010   102322650   2   INS00006581   3
2010   102322650   2   INS00103553   3
2010   102322768   1   INS00006825   10
2010   102323504   4   INS00005624   49
2010   102323504   4   INS00006025   49
2010   102323504   4   INS00006251   49
2010   102323504   4   INS00494075   49
2010   102323999   3   INS00408919   0
2010   102323999   3   INS00572104   0
2010   102323999   3   INS00572107   0
2010   102324299   2   INS00000519   12
2010   102324299   2   INS00119135   12
2010   102324440   2   INS00005624   36
2010   102324440   2   INS00494075   36
2010   102325895   2   INS00002452   17
2010   102325895   2   INS00455934   17
2010   102327030   2   INS00005134   13
2010   102327030   2   INS00275995   13
2010   102327343   1   INS00485881   8
2010   102328037   1   INS00001600   20
2010   102330859   3   INS00000611   17
2010   102330859   3   INS00011171   17
2010   102330859   3   INS00545089   17
2010   102331177   1   INS00114380   15
2010   102331570   3   INS00000760   4
2010   102331570   3   INS00000761   4
2010   102331570   3   INS00566663   4
2010   102332011   1   INS00005476   1
2010   102332639   2   INS00006746   7
2010   102332639   2   INS00458208   7
2010   102332826   1   INS00001600   20
2010   102333091   1   INS00011171   17
2010   102337798   2   INS00002415   8
2010   102337798   2   INS00367435   8
2010   102337911   1   INS00493427   6
2010   102338848   2   INS00006825   13
2010   102338848   2   INS00512163   13
2010   102339522   3   INS00006798   5
2010   102339522   3   INS00106184   5
2010   102339522   3   INS00398362   5
2010   102341398   2   INS00006825   19
2010   102341398   2   INS00165852   19
2010   102341950   2   INS00005624   36
2010   102341950   2   INS00494075   36
2010   102366252   2   INS00002382   4
2010   102366252   2   INS00454516   4
2010   102366430   1   INS00106184   5
2010   102370291   3   INS00000971   0
2010   102370291   3   INS00001693   0
2010   102370291   3   INS00113151   0
2010   102371430   1   INS00001555   9
2010   102372779   2   INS00006086   24
2010   102372779   2   INS00458348   24
2010   102377120   1   INS00011171   17
2010   102377327   1   INS00119242   98
2010   102384608   4   INS00006568   48
2010   102384608   4   INS00006569   48
2010   102384608   4   INS00006571   48
2010   102384608   4   INS00455440   48
2010   102386747   5   INS00006568   63
2010   102386747   5   INS00006569   63
2010   102386747   5   INS00006571   63
2010   102386747   5   INS00114380   63
2010   102386747   5   INS00455440   63
2010   102389195   1   INS00001600   20
2010   102398176   1   INS00005136   4
2010   102398917   1   INS00005136   4
2010   102400013   2   INS00006262   10
2010   102400013   2   INS00520390   10
2010   102401360   1   INS00006825   10
2010   102402072   3   INS00005062   52
2010   102402072   3   INS00074117   52
2010   102402072   3   INS00111348   52
2010   102407364   1   INS00160406   5
2010   102407542   1   INS00119242   98
2010   102413503   1   INS00114380   15
2010   102416597   2   INS00005984   5
2010   102416597   2   INS00114101   5
2010   102417960   1   INS00001600   20
2010   102421864   1   INS00114380   15
2010   102426495   1   INS00106163   5
2010   102428248   3   INS00001600   43
2010   102428248   3   INS00006251   43
2010   102428248   3   INS00114380   43
2010   102431136   2   INS00005062   46
2010   102431136   2   INS00111348   46
2010   102433337   2   INS00002378   3
2010   102433337   2   INS00089839   3
2010   102436446   2   INS00006211   0
2010   102436446   2   INS00006213   0
2010   102439232   1   INS00006568   47
2010   102444798   2   INS00000519   12
2010   102444798   2   INS00105327   12
2010   102456636   1   INS00119242   98
2010   102457221   2   INS00005062   46
2010   102457221   2   INS00111348   46
2010   102457268   2   INS00005624   36
2010   102457268   2   INS00494075   36
2010   102457277   1   INS00011166   9
2010   102458004   2   INS00119242   99
2010   102458004   2   INS00409132   99
2010   102462052   1   INS00004996   0
2010   102462384   2   INS00011183   0
2010   102462384   2   INS00584300   0
2010   102463200   2   INS00002390   98
2010   102463200   2   INS00119242   98
2010   102470260   3   INS00006025   23
2010   102470260   3   INS00006251   23
2010   102470260   3   INS00114380   23
2010   102470896   2   INS00005624   36
2010   102470896   2   INS00494075   36
2010   102473190   1   INS00539755   8
2010   102473280   1   INS00002402   5
2010   102473842   2   INS00004379   0
2010   102473842   2   INS00365805   0
2010   102477387   4   INS00006568   48
2010   102477387   4   INS00006569   48
2010   102477387   4   INS00006571   48
2010   102477387   4   INS00455440   48
2010   102481503   6   INS00005624   52
2010   102481503   6   INS00005628   52
2010   102481503   6   INS00005631   52
2010   102481503   6   INS00494075   52
2010   102481503   6   INS00544271   52
2010   102481503   6   INS00562823   52
2010   102481728   2   INS00005624   36
2010   102481728   2   INS00494075   36
2010   102485389   2   INS00005624   36
2010   102485389   2   INS00494075   36
2010   102485440   3   INS00006086   24
2010   102485440   3   INS00171043   24
2010   102485440   3   INS00458348   24
2010   102485638   1   INS00544271   3
2010   102486635   2   INS00005624   36
2010   102486635   2   INS00494075   36
2010   102486930   1   INS00005065   4
2010   102487857   1   INS00119242   98
2010   102492928   3   INS00005624   36
2010   102492928   3   INS00486635   36
2010   102492928   3   INS00494075   36
2010   102493513   3   INS00006574   0
2010   102493513   3   INS00353753   0
2010   102493513   3   INS00584351   0
2010   102494403   3   INS00005062   47
2010   102494403   3   INS00103874   47
2010   102494403   3   INS00111348   47
2010   102495429   2   INS00002452   14
2010   102495429   2   INS00110575   14
2010   102495714   1   INS00006849   0
2010   102497755   1   INS00119242   98
2010   102499633   3   INS00002371   53
2010   102499633   3   INS00005062   53
2010   102499633   3   INS00111348   53
2010   102508142   3   INS00000599   36
2010   102508142   3   INS00005624   36
2010   102508142   3   INS00494075   36
2010   102508821   1   INS00002440   17
2010   102511237   1   INS00119242   98
2010   102513492   1   INS00002371   7
2010   102513868   3   INS00005364   0
2010   102513868   3   INS00006127   0
2010   102513868   3   INS00270357   0
2010   102516458   1   INS00005063   5
2010   102518819   1   INS00367448   0
2010   102523757   2   INS00005479   0
2010   102523757   2   INS00251568   0
2010   102524790   2   INS00001604   0
2010   102524790   2   INS00458203   0
2010   102525297   1   INS00006568   47
2010   102526392   3   INS00002578   4
2010   102526392   3   INS00005860   4
2010   102526392   3   INS00112749   4
2010   102526820   1   INS00005134   13
2010   102533548   1   INS00006568   47
2010   102533557   2   INS00005624   36
2010   102533557   2   INS00494075   36
2010   102534886   1   INS00405172   0
2010   102537190   1   INS00001681   0
2010   102540293   2   INS00005624   36
2010   102540293   2   INS00494075   36
2010   102541844   2   INS00006702   0
2010   102541844   2   INS00122607   0
2010   102550674   1   INS00006909   41
2010   102553685   2   INS00002416   18
2010   102553685   2   INS00002452   18
2010   102580074   3   INS00011169   6
2010   102580074   3   INS00079834   6
2010   102580074   3   INS00529591   6
2010   102595729   1   INS00005065   4
