2011   000544272   1   INS00606001   2
2011   000546867   3   INS00002428   21
2011   000546867   3   INS00007982   21
2011   000546867   3   INS00108670   21
2011   000547864   1   INS00002378   4
2011   000548370   2   INS00002397   8
2011   000548370   2   INS00005305   8
2011   000550091   2   INS00002454   5
2011   000550091   2   INS00079853   5
2011   000550108   2   INS00001120   103
2011   000550108   2   INS00119242   103
2011   000550206   1   INS00005628   14
2011   000550233   1   INS00500678   7
2011   000550752   2   INS00006572   2
2011   000550752   2   INS00464467   2
2011   000550850   1   INS00494075   34
2011   000551310   2   INS00005062   46
2011   000551310   2   INS00111348   46
2011   000551320   1   INS00074018   13
2011   000552309   1   INS00002480   4
2011   000552318   1   INS00165852   6
2011   000552425   2   INS00365703   4
2011   000552425   2   INS00591737   4
2011   000552452   1   INS00000725   5
2011   000552640   1   INS00119242   102
2011   000552953   1   INS00000725   5
2011   000553039   1   INS00011167   4
2011   000553173   1   INS00106723   3
2011   000553262   2   INS00622716   0
2011   000553262   2   INS00626739   0
2011   000553629   1   INS00006251   13
2011   000554054   1   INS00107130   1
2011   000554116   2   INS00002415   8
2011   000554116   2   INS00367435   8
2011   000554439   1   INS00366686   0
2011   000554949   2   INS00006909   46
2011   000554949   2   INS00367420   46
2011   000555623   2   INS00011171   22
2011   000555623   2   INS00464448   22
2011   000556362   3   INS00002578   4
2011   000556362   3   INS00006582   4
2011   000556362   3   INS00179798   4
2011   000556442   1   INS00403948   1
2011   000556685   4   INS00002397   8
2011   000556685   4   INS00366655   8
2011   000556685   4   INS00366657   8
2011   000556685   4   INS00458208   8
2011   000556863   2   INS00005062   46
2011   000556863   2   INS00006265   46
2011   000557225   2   INS00006433   11
2011   000557225   2   INS00112810   11
2011   000557314   2   INS00002384   11
2011   000557314   2   INS00175926   11
2011   000571233   3   INS00002476   2
2011   000571233   3   INS00113490   2
2011   000571233   3   INS00403923   2
2011   000585794   5   INS00002440   22
2011   000585794   5   INS00002460   22
2011   000585794   5   INS00116450   22
2011   000585794   5   INS00407489   22
2011   000585794   5   INS00618706   22
2011   000586862   1   INS00087013   0
2011   000588061   1   INS00002473   5
2011   000588590   2   INS00002397   8
2011   000588590   2   INS00005305   8
2011   000589318   1   INS00539753   0
2011   000589701   4   INS00002428   20
2011   000589701   4   INS00034545   20
2011   000589701   4   INS00108670   20
2011   000589701   4   INS00261082   20
2011   000590220   1   INS00448194   0
2011   000596457   1   INS00114749   2
2011   000597893   1   INS00611029   0
2011   000601673   4   INS00005066   12
2011   000601673   4   INS00006572   12
2011   000601673   4   INS00006888   12
2011   000601673   4   INS00488908   12
2011   000602803   2   INS00002416   13
2011   000602803   2   INS00005984   13
2011   000604281   2   INS00002415   51
2011   000604281   2   INS00006909   51
2011   000604595   2   INS00005067   3
2011   000604595   2   INS00554316   3
2011   000608066   1   INS00002416   11
2011   000608502   1   INS00119242   102
2011   000609500   1   INS00002427   4
2011   000611633   1   INS00103874   1
2011   000616021   1   INS00616958   0
2011   000623367   2   INS00005062   50
2011   000623367   2   INS00074018   50
2011   000623760   1   INS00464403   0
2011   000624257   6   INS00002377   18
2011   000624257   6   INS00002415   18
2011   000624257   6   INS00002464   18
2011   000624257   6   INS00005625   18
2011   000624257   6   INS00409656   18
2011   000624257   6   INS00593893   18
2011   000624373   2   INS00002491   4
2011   000624373   2   INS00435514   4
2011   000627160   1   INS00005069   8
2011   000632722   3   INS00005062   46
2011   000632722   3   INS00006265   46
2011   000632722   3   INS00174856   46
2011   000650598   3   INS00000719   5
2011   000650598   3   INS00005866   5
2011   000650598   3   INS00182991   5
2011   000650936   3   INS00000519   8
2011   000650936   3   INS00079694   8
2011   000650936   3   INS00119534   8
2011   000651890   2   INS00001138   3
2011   000651890   2   INS00114097   3
2011   000651942   1   INS00005072   4
2011   000652897   2   INS00002388   12
2011   000652897   2   INS00002457   12
2011   000660988   4   INS00006576   30
2011   000660988   4   INS00006824   30
2011   000660988   4   INS00006825   30
2011   000660988   4   INS00074152   30
2011   000661751   13   INS00005062   91
2011   000661751   13   INS00005068   91
2011   000661751   13   INS00005069   91
2011   000661751   13   INS00005073   91
2011   000661751   13   INS00006265   91
2011   000661751   13   INS00006568   91
2011   000661751   13   INS00006569   91
2011   000661751   13   INS00006571   91
2011   000661751   13   INS00067018   91
2011   000661751   13   INS00079760   91
2011   000661751   13   INS00079839   91
2011   000661751   13   INS00110415   91
2011   000661751   13   INS00112797   91
2011   000664520   3   INS00002476   6
2011   000664520   3   INS00005866   6
2011   000664520   3   INS00113490   6
2011   000668799   2   INS00011171   22
2011   000668799   2   INS00464448   22
2011   000671622   2   INS00002448   15
2011   000671622   2   INS00164731   15
2011   000679246   3   INS00002452   17
2011   000679246   3   INS00034560   17
2011   000679246   3   INS00368637   17
2011   000680111   1   INS00006909   44
2011   000702460   3   INS00002443   107
2011   000702460   3   INS00006575   107
2011   000702460   3   INS00119242   107
2011   000702522   1   INS00119242   102
2011   000702649   1   INS00119242   102
2011   000704572   2   INS00002452   16
2011   000704572   2   INS00048263   16
2011   000704984   3   INS00002388   52
2011   000704984   3   INS00005062   52
2011   000704984   3   INS00572275   52
2011   000711970   2   INS00006909   46
2011   000711970   2   INS00367420   46
2011   000719341   5   INS00029268   4
2011   000719341   5   INS00111351   4
2011   000719341   5   INS00114954   4
2011   000719341   5   INS00408952   4
2011   000719341   5   INS00584288   4
2011   000719717   2   INS00006251   20
2011   000719717   2   INS00114380   20
2011   000722140   1   INS00366872   0
2011   000727728   3   INS00002379   3
2011   000727728   3   INS00026164   3
2011   000727728   3   INS00088241   3
2011   000732639   2   INS00006825   24
2011   000732639   2   INS00006827   24
2011   000736674   6   INS00005063   26
2011   000736674   6   INS00005064   26
2011   000736674   6   INS00005072   26
2011   000736674   6   INS00005073   26
2011   000736674   6   INS00113493   26
2011   000736674   6   INS00114749   26
2011   000741253   1   INS00276901   3
2011   000742798   1   INS00626742   0
2011   000742822   1   INS00478584   2
2011   000746616   1   INS00001555   9
2011   000749135   3   INS00001105   16
2011   000749135   3   INS00001111   16
2011   000749135   3   INS00061823   16
2011   000751429   2   INS00005062   50
2011   000751429   2   INS00074018   50
2011   000753782   4   INS00002440   26
2011   000753782   4   INS00002501   26
2011   000753782   4   INS00006197   26
2011   000753782   4   INS00057471   26
2011   000769209   3   INS00005624   36
2011   000769209   3   INS00494075   36
2011   000769209   3   INS00544271   36
2011   000774110   1   INS00002474   0
2011   000776731   1   INS00561433   2
2011   000777111   6   INS00002417   41
2011   000777111   6   INS00002428   41
2011   000777111   6   INS00006086   41
2011   000777111   6   INS00045551   41
2011   000777111   6   INS00068450   41
2011   000777111   6   INS00108670   41
2011   000778656   1   INS00005062   45
2011   000783960   1   INS00006568   32
2011   000783979   2   INS00005136   48
2011   000783979   2   INS00006909   48
2011   000794159   2   INS00006262   48
2011   000794159   2   INS00006909   48
2011   000794186   1   INS00006909   44
2011   000805065   5   INS00002428   52
2011   000805065   5   INS00005624   52
2011   000805065   5   INS00089793   52
2011   000805065   5   INS00108670   52
2011   000805065   5   INS00494075   52
2011   000813263   3   INS00002428   28
2011   000813263   3   INS00005628   28
2011   000813263   3   INS00261082   28
2011   000813890   2   INS00162033   3
2011   000813890   2   INS00604884   3
2011   000834512   2   INS00002419   1
2011   000834512   2   INS00500654   1
2011   000835144   3   INS00079845   0
2011   000835144   3   INS00138968   0
2011   000835144   3   INS00555418   0
2011   000836670   2   INS00006749   15
2011   000836670   2   INS00551213   15
2011   000841787   2   INS00005071   4
2011   000841787   2   INS00113482   4
2011   000844036   1   INS00123486   10
2011   000848008   8   INS00002384   15
2011   000848008   8   INS00005625   15
2011   000848008   8   INS00005626   15
2011   000848008   8   INS00044075   15
2011   000848008   8   INS00073586   15
2011   000848008   8   INS00079678   15
2011   000848008   8   INS00409656   15
2011   000848008   8   INS00593893   15
2011   000850445   3   INS00002382   6
2011   000850445   3   INS00079689   6
2011   000850445   3   INS00454516   6
2011   000851845   4   INS00002428   23
2011   000851845   4   INS00002481   23
2011   000851845   4   INS00108670   23
2011   000851845   4   INS00114089   23
2011   000851934   2   INS00079689   5
2011   000851934   2   INS00394452   5
2011   000855933   4   INS00006824   11
2011   000855933   4   INS00037005   11
2011   000855933   4   INS00040461   11
2011   000855933   4   INS00079875   11
2011   000859066   1   INS00607446   7
2011   000859075   2   INS00011171   22
2011   000859075   2   INS00464448   22
2011   000861449   2   INS00005062   50
2011   000861449   2   INS00074018   50
2011   000861654   6   INS00006573   37
2011   000861654   6   INS00006576   37
2011   000861654   6   INS00006825   37
2011   000861654   6   INS00006827   37
2011   000861654   6   INS00102942   37
2011   000861654   6   INS00138558   37
2011   000863434   2   INS00001742   6
2011   000863434   2   INS00002407   6
2011   000868978   2   INS00002486   8
2011   000868978   2   INS00165852   8
2011   000870250   4   INS00002440   30
2011   000870250   4   INS00002460   30
2011   000870250   4   INS00006197   30
2011   000870250   4   INS00063235   30
2011   000870330   2   INS00006825   24
2011   000870330   2   INS00006827   24
2011   000870359   2   INS00006824   10
2011   000870359   2   INS00074152   10
2011   000871015   1   INS00002407   6
2011   000872756   1   INS00085202   0
2011   000872827   1   INS00539755   6
2011   000873969   5   INS00006433   11
2011   000873969   5   INS00083226   11
2011   000873969   5   INS00112810   11
2011   000873969   5   INS00172228   11
2011   000873969   5   INS00345084   11
2011   000885182   1   INS00002103   1
2011   000885280   4   INS00002476   5
2011   000885280   4   INS00002481   5
2011   000885280   4   INS00113490   5
2011   000885280   4   INS00114089   5
2011   000894682   1   INS00006251   13
2011   000904359   3   INS00005858   1
2011   000904359   3   INS00079709   1
2011   000904359   3   INS00276812   1
2011   000904789   3   INS00006096   3
2011   000904789   3   INS00014153   3
2011   000904789   3   INS00112833   3
2011   000907996   1   INS00002448   15
2011   000913053   6   INS00002413   11
2011   000913053   6   INS00005134   11
2011   000913053   6   INS00034576   11
2011   000913053   6   INS00079776   11
2011   000913053   6   INS00114723   11
2011   000913053   6   INS00260632   11
2011   000915352   3   INS00005072   6
2011   000915352   3   INS00073420   6
2011   000915352   3   INS00109886   6
2011   000920568   1   INS00160406   6
2011   000925537   3   INS00006253   7
2011   000925537   3   INS00367439   7
2011   000925537   3   INS00495779   7
2011   000929509   2   INS00002454   4
2011   000929509   2   INS00366689   4
2011   000930902   1   INS00005069   8
2011   000930949   2   INS00005067   3
2011   000930949   2   INS00132209   3
2011   000939659   2   INS00002428   19
2011   000939659   2   INS00261082   19
2011   000941791   6   INS00001659   13
2011   000941791   6   INS00002439   13
2011   000941791   6   INS00002493   13
2011   000941791   6   INS00108668   13
2011   000941791   6   INS00412158   13
2011   000941791   6   INS00615587   13
2011   000943114   6   INS00002578   5
2011   000943114   6   INS00006582   5
2011   000943114   6   INS00113480   5
2011   000943114   6   INS00179798   5
2011   000943114   6   INS00457152   5
2011   000943114   6   INS00584345   5
2011   000946813   2   INS00001140   1
2011   000946813   2   INS00089843   1
2011   000949047   2   INS00002428   20
2011   000949047   2   INS00108670   20
2011   000949056   1   INS00002416   11
2011   000951279   3   INS00002436   0
2011   000951279   3   INS00112799   0
2011   000951279   3   INS00625194   0
2011   000952570   1   INS00451695   1
2011   000955250   1   INS00002448   15
2011   000955984   3   INS00011167   23
2011   000955984   3   INS00011171   23
2011   000955984   3   INS00074161   23
2011   000957497   2   INS00001742   6
2011   000957497   2   INS00002407   6
2011   000957844   1   INS00005628   14
2011   000958888   2   INS00005071   4
2011   000958888   2   INS00113482   4
2011   000959348   2   INS00002444   6
2011   000959348   2   INS00074159   6
2011   000961874   1   INS00002404   4
2011   000963654   1   INS00001600   24
2011   000965416   2   INS00002439   12
2011   000965416   2   INS00138283   12
2011   000965505   1   INS00074117   7
2011   000965597   5   INS00006582   3
2011   000965597   5   INS00079880   3
2011   000965597   5   INS00113480   3
2011   000965597   5   INS00457152   3
2011   000965597   5   INS00597767   3
2011   000965748   2   INS00079689   5
2011   000965748   2   INS00394452   5
2011   000966594   2   INS00006086   19
2011   000966594   2   INS00516532   19
2011   000968641   2   INS00005062   50
2011   000968641   2   INS00074018   50
2011   000970434   4   INS00002385   6
2011   000970434   4   INS00002491   6
2011   000970434   4   INS00037758   6
2011   000970434   4   INS00273336   6
2011   000971914   2   INS00002454   5
2011   000971914   2   INS00006828   5
2011   000972798   3   INS00005066   14
2011   000972798   3   INS00005071   14
2011   000972798   3   INS00113482   14
2011   000974059   3   INS00002416   22
2011   000974059   3   INS00002452   22
2011   000974059   3   INS00005984   22
2011   000974095   2   INS00006262   9
2011   000974095   2   INS00182847   9
2011   000978880   1   INS00074117   7
2011   000983030   2   INS00002457   6
2011   000983030   2   INS00103640   6
2011   000990624   1   INS00485881   7
2011   000990670   1   INS00635517   1
2011   000991523   2   INS00366667   5
2011   000991523   2   INS00498199   5
2011   000991891   1   INS00119242   102
2011   000993009   2   INS00005066   10
2011   000993009   2   INS00006570   10
2011   001006401   1   INS00002448   15
2011   001006949   1   INS00119242   102
2011   001007919   3   INS00002428   20
2011   001007919   3   INS00108670   20
2011   001007919   3   INS00261082   20
2011   001008228   2   INS00001105   8
2011   001008228   2   INS00061823   8
2011   001008578   1   INS00119242   102
2011   001008587   3   INS00002397   9
2011   001008587   3   INS00005305   9
2011   001008587   3   INS00458208   9
2011   001009619   5   INS00001264   36
2011   001009619   5   INS00006568   36
2011   001009619   5   INS00006569   36
2011   001009619   5   INS00006571   36
2011   001009619   5   INS00492035   36
2011   001009762   1   INS00106164   5
2011   001011751   5   INS00002440   18
2011   001011751   5   INS00407489   18
2011   001011751   5   INS00484759   18
2011   001011751   5   INS00584448   18
2011   001011751   5   INS00618706   18
2011   001012786   1   INS00074083   3
2011   001014931   2   INS00011171   22
2011   001014931   2   INS00464448   22
2011   001015509   1   INS00006086   19
2011   001015607   3   INS00002371   12
2011   001015607   3   INS00582514   12
2011   001015607   3   INS00595342   12
2011   001017020   1   INS00265988   1
2011   001017666   2   INS00006262   48
2011   001017666   2   INS00006909   48
2011   001019858   7   INS00002486   16
2011   001019858   7   INS00006827   16
2011   001019858   7   INS00034564   16
2011   001019858   7   INS00079744   16
2011   001019858   7   INS00109893   16
2011   001019858   7   INS00114096   16
2011   001019858   7   INS00167449   16
2011   001020714   2   INS00002416   21
2011   001020714   2   INS00002452   21
2011   001028490   1   INS00123486   10
2011   001035904   1   INS00006253   5
2011   001045295   1   INS00451695   1
2011   001046819   3   INS00002384   11
2011   001046819   3   INS00079701   11
2011   001046819   3   INS00175926   11
2011   001051579   3   INS00000725   23
2011   001051579   3   INS00002440   23
2011   001051579   3   INS00118991   23
2011   001052235   1   INS00162102   2
2011   001053573   1   INS00124008   1
2011   001054632   1   INS00464448   17
2011   001054937   5   INS00005624   47
2011   001054937   5   INS00005628   47
2011   001054937   5   INS00005631   47
2011   001054937   5   INS00087990   47
2011   001054937   5   INS00494075   47
2011   001057358   1   INS00103640   1
2011   001057616   1   INS00175926   4
2011   001059441   3   INS00011171   22
2011   001059441   3   INS00455464   22
2011   001059441   3   INS00464448   22
2011   001061996   2   INS00001569   2
2011   001061996   2   INS00002441   2
2011   001066769   2   INS00005062   46
2011   001066769   2   INS00111348   46
2011   001067013   2   INS00006568   46
2011   001067013   2   INS00006827   46
2011   001073048   4   INS00038301   3
2011   001073048   4   INS00172159   3
2011   001073048   4   INS00492937   3
2011   001073048   4   INS00564858   3
2011   001073825   2   INS00112813   0
2011   001073825   2   INS00138071   0
2011   001073997   4   INS00002480   4
2011   001073997   4   INS00137578   4
2011   001073997   4   INS00590130   4
2011   001073997   4   INS00610896   4
2011   001074484   5   INS00002375   6
2011   001074484   5   INS00002444   6
2011   001074484   5   INS00114806   6
2011   001074484   5   INS00366665   6
2011   001074484   5   INS00468247   6
2011   001075454   3   INS00002382   6
2011   001075454   3   INS00079689   6
2011   001075454   3   INS00454516   6
2011   001077225   1   INS00539755   6
2011   001079810   2   INS00005070   1
2011   001079810   2   INS00114072   1
2011   001081980   1   INS00006909   44
2011   001082539   1   INS00106723   3
2011   001082646   2   INS00000519   8
2011   001082646   2   INS00105327   8
2011   001082780   1   INS00279863   0
2011   001085183   1   INS00002439   12
2011   001085503   1   INS00002377   4
2011   001089010   5   INS00002416   22
2011   001089010   5   INS00002452   22
2011   001089010   5   INS00034559   22
2011   001089010   5   INS00034560   22
2011   001089010   5   INS00118681   22
2011   001090817   2   INS00002416   21
2011   001090817   2   INS00002452   21
2011   001091841   2   INS00001111   54
2011   001091841   2   INS00006909   54
2011   001091986   2   INS00005063   57
2011   001091986   2   INS00006909   57
2011   001094914   1   INS00005865   1
2011   001096534   1   INS00175926   4
2011   001097756   1   INS00123325   0
2011   001101302   2   INS00366681   4
2011   001101302   2   INS00561433   4
2011   001102300   3   INS00006753   13
2011   001102300   3   INS00006824   13
2011   001102300   3   INS00074152   13
2011   001102319   2   INS00002480   18
2011   001102319   2   INS00006827   18
2011   001103719   4   INS00001138   10
2011   001103719   4   INS00005069   10
2011   001103719   4   INS00114097   10
2011   001103719   4   INS00478671   10
2011   001103942   2   INS00006825   24
2011   001103942   2   INS00006827   24
2011   001104019   3   INS00001105   16
2011   001104019   3   INS00001111   16
2011   001104019   3   INS00061823   16
2011   001105025   3   INS00006753   104
2011   001105025   3   INS00119242   104
2011   001105025   3   INS00582739   104
2011   001105099   1   INS00506288   7
2011   001106102   1   INS00165852   6
2011   001109991   4   INS00002477   3
2011   001109991   4   INS00034469   3
2011   001109991   4   INS00079789   3
2011   001109991   4   INS00452023   3
2011   001119129   2   INS00002371   17
2011   001119129   2   INS00005861   17
2011   001119497   4   INS00002388   17
2011   001119497   4   INS00002464   17
2011   001119497   4   INS00006262   17
2011   001119497   4   INS00190594   17
2011   001121154   1   INS00630071   0
2011   001121510   7   INS00001137   56
2011   001121510   7   INS00001138   56
2011   001121510   7   INS00005062   56
2011   001121510   7   INS00005068   56
2011   001121510   7   INS00005073   56
2011   001121510   7   INS00114097   56
2011   001121510   7   INS00479511   56
2011   001121824   3   INS00006096   3
2011   001121824   3   INS00138088   3
2011   001121824   3   INS00449202   3
2011   001122779   3   INS00006568   43
2011   001122779   3   INS00006749   43
2011   001122779   3   INS00551213   43
2011   001122984   3   INS00001599   14
2011   001122984   3   INS00006749   14
2011   001122984   3   INS00412067   14
2011   001123088   3   INS00006096   13
2011   001123088   3   INS00006824   13
2011   001123088   3   INS00137771   13
2011   001123121   1   INS00119242   102
2011   001124657   2   INS00079675   0
2011   001124657   2   INS00109880   0
2011   001127194   1   INS00360161   0
2011   001127210   2   INS00006829   2
2011   001127210   2   INS00165487   2
2011   001131320   1   INS00485881   7
2011   001132194   1   INS00002479   3
2011   001132579   1   INS00040461   1
2011   001133173   1   INS00001136   2
2011   001134706   1   INS00074018   13
2011   001135033   1   INS00403948   1
2011   001136540   1   INS00006909   44
2011   001136550   3   INS00005062   50
2011   001136550   3   INS00005065   50
2011   001136550   3   INS00006265   50
2011   001138394   1   INS00002468   2
2011   001141021   1   INS00006827   14
2011   001141710   1   INS00005063   14
2011   001141890   1   INS00006753   3
2011   001143008   1   INS00464448   17
2011   001145620   1   INS00106167   1
2011   001149039   1   INS00006749   9
2011   001149066   4   INS00002444   18
2011   001149066   4   INS00005134   18
2011   001149066   4   INS00059010   18
2011   001149066   4   INS00059498   18
2011   001149389   2   INS00000725   6
2011   001149389   2   INS00006199   6
2011   001154324   1   INS00005305   7
2011   001154638   2   INS00002409   1
2011   001154638   2   INS00453153   1
2011   001155170   1   INS00002384   8
2011   001156641   3   INS00005067   23
2011   001156641   3   INS00006251   23
2011   001156641   3   INS00114380   23
2011   001157602   1   INS00106164   5
2011   001157783   1   INS00405225   1
2011   001157836   4   INS00006251   25
2011   001157836   4   INS00006252   25
2011   001157836   4   INS00006254   25
2011   001157836   4   INS00006749   25
2011   001158898   5   INS00002440   22
2011   001158898   5   INS00002460   22
2011   001158898   5   INS00116450   22
2011   001158898   5   INS00407489   22
2011   001158898   5   INS00618706   22
2011   001164788   4   INS00005134   11
2011   001164788   4   INS00139126   11
2011   001164788   4   INS00500189   11
2011   001164788   4   INS00548117   11
2011   001166497   1   INS00119242   102
2011   001167743   1   INS00119242   102
2011   001168992   1   INS00530738   2
2011   001169701   3   INS00002428   20
2011   001169701   3   INS00108670   20
2011   001169701   3   INS00261082   20
2011   001170319   1   INS00001555   9
2011   001171361   2   INS00002477   2
2011   001171361   2   INS00113474   2
2011   001175208   1   INS00002404   4
2011   001176994   2   INS00002479   3
2011   001176994   2   INS00251803   3
2011   001177383   3   INS00000725   6
2011   001177383   3   INS00403831   6
2011   001177383   3   INS00607782   6
2011   001180781   5   INS00002443   18
2011   001180781   5   INS00006573   18
2011   001180781   5   INS00114103   18
2011   001180781   5   INS00168446   18
2011   001180781   5   INS00568480   18
2011   001184771   5   INS00002371   12
2011   001184771   5   INS00034527   12
2011   001184771   5   INS00035082   12
2011   001184771   5   INS00112770   12
2011   001184771   5   INS00595342   12
2011   001185536   1   INS00002454   4
2011   001186257   2   INS00002439   13
2011   001186257   2   INS00002493   13
2011   001188073   1   INS00079853   1
2011   001189099   4   INS00451443   7
2011   001189099   4   INS00458004   7
2011   001189099   4   INS00458005   7
2011   001189099   4   INS00601862   7
2011   001189277   1   INS00005863   1
2011   001191300   2   INS00005063   14
2011   001191300   2   INS00559669   14
2011   001191678   1   INS00498862   0
2011   001194357   1   INS00011167   4
2011   001195784   8   INS00002384   15
2011   001195784   8   INS00002441   15
2011   001195784   8   INS00005625   15
2011   001195784   8   INS00005626   15
2011   001195784   8   INS00038271   15
2011   001195784   8   INS00044180   15
2011   001195784   8   INS00409656   15
2011   001195784   8   INS00593893   15
2011   001197887   3   INS00005861   6
2011   001197887   3   INS00109889   6
2011   001197887   3   INS00275290   6
2011   001198178   2   INS00002402   6
2011   001198178   2   INS00452025   6
2011   001199003   1   INS00005628   14
2011   001200660   1   INS00006262   9
2011   001200697   2   INS00079689   5
2011   001200697   2   INS00394452   5
2011   001200703   3   INS00001538   1
2011   001200703   3   INS00068991   1
2011   001200703   3   INS00107036   1
2011   001205577   1   INS00074018   13
2011   001205684   2   INS00002448   16
2011   001205684   2   INS00458146   16
2011   001205693   5   INS00002428   52
2011   001205693   5   INS00005624   52
2011   001205693   5   INS00108670   52
2011   001205693   5   INS00261082   52
2011   001205693   5   INS00494075   52
2011   001207642   2   INS00002448   15
2011   001207642   2   INS00556044   15
2011   001207974   2   INS00002416   21
2011   001207974   2   INS00002452   21
2011   001208710   2   INS00106723   3
2011   001208710   2   INS00365704   3
2011   001209502   3   INS00002440   18
2011   001209502   3   INS00407489   18
2011   001209502   3   INS00618706   18
2011   001210002   1   INS00494075   34
2011   001211153   1   INS00394452   3
2011   001211860   3   INS00002440   18
2011   001211860   3   INS00407489   18
2011   001211860   3   INS00618706   18
2011   001212384   1   INS00002377   4
2011   001213390   3   INS00006575   107
2011   001213390   3   INS00119242   107
2011   001213390   3   INS00411219   107
2011   001213480   4   INS00006153   27
2011   001213480   4   INS00006825   27
2011   001213480   4   INS00006827   27
2011   001213480   4   INS00506162   27
2011   001213908   1   INS00006086   19
2011   001214084   1   INS00011169   2
2011   001214235   2   INS00006218   6
2011   001214235   2   INS00464802   6
2011   001214899   2   INS00005624   34
2011   001214899   2   INS00494075   34
2011   001219779   2   INS00006568   35
2011   001219779   2   INS00551213   35
2011   001220457   4   INS00005134   46
2011   001220457   4   INS00059010   46
2011   001220457   4   INS00059498   46
2011   001220457   4   INS00494075   46
2011   001221810   2   INS00006909   49
2011   001221810   2   INS00627014   49
2011   001222308   1   INS00512163   2
2011   001222907   2   INS00001105   8
2011   001222907   2   INS00061823   8
2011   001224035   2   INS00274284   0
2011   001224035   2   INS00274286   0
2011   001224492   2   INS00044633   0
2011   001224492   2   INS00245998   0
2011   001225972   1   INS00006824   10
2011   001226998   1   INS00002377   4
2011   001227298   3   INS00000760   3
2011   001227298   3   INS00000761   3
2011   001227298   3   INS00397796   3
2011   001227556   4   INS00006197   23
2011   001227556   4   INS00006433   23
2011   001227556   4   INS00193706   23
2011   001227556   4   INS00530738   23
2011   001236386   2   INS00002397   8
2011   001236386   2   INS00005305   8
2011   001239673   1   INS00119242   102
2011   001240683   2   INS00005062   46
2011   001240683   2   INS00111348   46
2011   001242919   1   INS00119242   102
2011   001244332   1   INS00005860   0
2011   001247352   1   INS00456861   2
2011   001247497   1   INS00119242   102
2011   001247648   3   INS00002452   16
2011   001247648   3   INS00005914   16
2011   001247648   3   INS00114549   16
2011   001249123   2   INS00002460   7
2011   001249123   2   INS00116450   7
2011   001249900   2   INS00074117   9
2011   001249900   2   INS00366681   9
2011   001251936   2   INS00000519   10
2011   001251936   2   INS00367439   10
2011   001251981   5   INS00001659   13
2011   001251981   5   INS00002439   13
2011   001251981   5   INS00002493   13
2011   001251981   5   INS00617197   13
2011   001251981   5   INS00620642   13
2011   001257170   3   INS00005624   47
2011   001257170   3   INS00005628   47
2011   001257170   3   INS00494075   47
2011   001258893   1   INS00119242   102
2011   001260167   4   INS00005628   15
2011   001260167   4   INS00005631   15
2011   001260167   4   INS00007982   15
2011   001260167   4   INS00087016   15
2011   001262134   1   INS00001600   24
2011   001264120   2   INS00005062   50
2011   001264120   2   INS00074018   50
2011   001265790   2   INS00006568   32
2011   001265790   2   INS00006571   32
2011   001265996   2   INS00001105   8
2011   001265996   2   INS00061823   8
2011   001269609   2   INS00002419   1
2011   001269609   2   INS00556808   1
2011   001272257   1   INS00001294   0
2011   001273325   2   INS00002448   15
2011   001273325   2   INS00614075   15
2011   001278054   1   INS00005866   4
2011   001279561   3   INS00005068   50
2011   001279561   3   INS00005073   50
2011   001279561   3   INS00006909   50
2011   001279570   4   INS00079795   10
2011   001279570   4   INS00123486   10
2011   001279570   4   INS00366641   10
2011   001279570   4   INS00366661   10
2011   001279866   1   INS00038262   0
2011   001280301   1   INS00002371   11
2011   001282665   1   INS00005865   1
2011   001282950   2   INS00002493   109
2011   001282950   2   INS00119242   109
2011   001290175   1   INS00106723   3
2011   001291397   1   INS00119242   102
2011   001291421   1   INS00613510   0
2011   001292975   1   INS00106164   5
2011   001294700   2   INS00002407   12
2011   001294700   2   INS00059498   12
2011   001296286   4   INS00006568   32
2011   001296286   4   INS00006569   32
2011   001296286   4   INS00006571   32
2011   001296286   4   INS00112797   32
2011   001298084   2   INS00002448   115
2011   001298084   2   INS00119242   115
2011   001298790   1   INS00002378   4
2011   001298825   1   INS00119242   102
2011   001301063   1   INS00002017   0
2011   001301401   1   INS00002439   12
2011   001304388   2   INS00002388   7
2011   001304388   2   INS00629495   7
2011   001305699   1   INS00119242   102
2011   001306810   2   INS00123486   11
2011   001306810   2   INS00124008   11
2011   001307254   1   INS00006749   9
2011   001307512   3   INS00002390   102
2011   001307512   3   INS00002392   102
2011   001307512   3   INS00119242   102
2011   001391991   1   INS00006251   13
2011   001393332   1   INS00564505   3
2011   001398150   1   INS00002490   0
2011   001398357   1   INS00006572   2
2011   001399292   1   INS00123486   10
2011   001399407   1   INS00006824   10
2011   001411824   1   INS00006825   15
2011   001417864   1   INS00365703   4
2011   001418093   1   INS00005136   4
2011   001419205   3   INS00006202   3
2011   001419205   3   INS00114100   3
2011   001419205   3   INS00276935   3
2011   001421188   5   INS00001555   15
2011   001421188   5   INS00002379   15
2011   001421188   5   INS00002477   15
2011   001421188   5   INS00006581   15
2011   001421188   5   INS00103553   15
2011   001424125   3   INS00000519   9
2011   001424125   3   INS00105327   9
2011   001424125   3   INS00405225   9
2011   001424448   5   INS00006568   35
2011   001424448   5   INS00006569   35
2011   001424448   5   INS00006571   35
2011   001424448   5   INS00412074   35
2011   001424448   5   INS00551213   35
2011   001424635   2   INS00006825   24
2011   001424635   2   INS00006827   24
2011   001426326   3   INS00002428   51
2011   001426326   3   INS00261082   51
2011   001426326   3   INS00494075   51
2011   001427341   1   INS00160406   6
2011   001427520   1   INS00119242   102
2011   001427726   4   INS00002440   18
2011   001427726   4   INS00407489   18
2011   001427726   4   INS00446391   18
2011   001427726   4   INS00618706   18
2011   001428474   1   INS00578384   1
2011   001432299   1   INS00119242   102
2011   001432673   1   INS00119242   102
2011   001436251   1   INS00276901   3
2011   001436387   2   INS00106165   4
2011   001436387   2   INS00366667   4
2011   001438200   5   INS00002427   53
2011   001438200   5   INS00005068   53
2011   001438200   5   INS00005073   53
2011   001438200   5   INS00006909   53
2011   001438200   5   INS00114090   53
2011   001440521   1   INS00458146   1
2011   001441242   1   INS00506288   7
2011   001451347   2   INS00002452   16
2011   001451347   2   INS00110575   16
2011   001451919   1   INS00074083   3
2011   001451964   1   INS00160406   6
2011   001453403   3   INS00001115   10
2011   001453403   3   INS00627014   10
2011   001453403   3   INS00640681   10
2011   001453421   1   INS00005063   14
2011   001453440   1   INS00114749   2
2011   001455284   1   INS00528541   0
2011   001456970   3   INS00001538   7
2011   001456970   3   INS00365703   7
2011   001456970   3   INS00398313   7
2011   001458105   6   INS00002404   4
2011   001458105   6   INS00034483   4
2011   001458105   6   INS00108677   4
2011   001458105   6   INS00172809   4
2011   001458105   6   INS00483915   4
2011   001458105   6   INS00522605   4
2011   001459597   6   INS00002428   28
2011   001459597   6   INS00005628   28
2011   001459597   6   INS00005631   28
2011   001459597   6   INS00007982   28
2011   001459597   6   INS00395446   28
2011   001459597   6   INS00557332   28
2011   001459659   4   INS00002397   9
2011   001459659   4   INS00005305   9
2011   001459659   4   INS00345266   9
2011   001459659   4   INS00458208   9
2011   001462224   1   INS00006198   0
2011   001462565   2   INS00002344   0
2011   001462565   2   INS00564511   0
2011   001463277   2   INS00011171   22
2011   001463277   2   INS00464448   22
2011   001463320   2   INS00079869   3
2011   001463320   2   INS00367438   3
2011   001464336   2   INS00042299   1
2011   001464336   2   INS00079789   1
2011   001465333   3   INS00006847   2
2011   001465333   3   INS00108696   2
2011   001465333   3   INS00452709   2
2011   001467178   4   INS00001555   10
2011   001467178   4   INS00006581   10
2011   001467178   4   INS00010659   10
2011   001467178   4   INS00112802   10
2011   001467276   1   INS00005861   6
2011   001467365   3   INS00002388   11
2011   001467365   3   INS00002427   11
2011   001467365   3   INS00114090   11
2011   001473228   2   INS00119242   102
2011   001473228   2   INS00582739   102
2011   001473863   4   INS00002396   1
2011   001473863   4   INS00037735   1
2011   001473863   4   INS00166301   1
2011   001473863   4   INS00622994   1
2011   001473943   1   INS00002407   6
2011   001475830   3   INS00005071   4
2011   001475830   3   INS00113482   4
2011   001475830   3   INS00114759   4
2011   001478458   1   INS00119242   102
2011   001478823   2   INS00002416   21
2011   001478823   2   INS00002452   21
2011   001485185   1   INS00006827   14
2011   001486629   2   INS00001600   31
2011   001486629   2   INS00506288   31
2011   001488919   2   INS00011171   22
2011   001488919   2   INS00464448   22
2011   001489291   2   INS00165852   7
2011   001489291   2   INS00618362   7
2011   001490265   3   INS00002415   8
2011   001490265   3   INS00112765   8
2011   001490265   3   INS00367435   8
2011   001490354   3   INS00001555   10
2011   001490354   3   INS00006581   10
2011   001490354   3   INS00103553   10
2011   001490800   2   INS00002415   8
2011   001490800   2   INS00367435   8
2011   001491084   4   INS00006202   3
2011   001491084   4   INS00037027   3
2011   001491084   4   INS00068767   3
2011   001491084   4   INS00114100   3
2011   001492081   5   INS00006568   35
2011   001492081   5   INS00006569   35
2011   001492081   5   INS00006571   35
2011   001492081   5   INS00112797   35
2011   001492081   5   INS00276901   35
2011   001492789   1   INS00006153   3
2011   001492798   3   INS00002448   15
2011   001492798   3   INS00006214   15
2011   001492798   3   INS00110409   15
2011   001494353   2   INS00002487   2
2011   001494353   2   INS00113491   2
2011   001498595   2   INS00366684   2
2011   001498595   2   INS00366904   2
2011   001500497   1   INS00165852   6
2011   001500586   1   INS00627014   6
2011   001501313   2   INS00002447   2
2011   001501313   2   INS00061708   2
2011   001506561   2   INS00006433   11
2011   001506561   2   INS00112810   11
2011   001512999   1   INS00006847   2
2011   001513913   3   INS00002578   4
2011   001513913   3   INS00112749   4
2011   001513913   3   INS00575957   4
2011   001517609   4   INS00006828   1
2011   001517609   4   INS00034498   1
2011   001517609   4   INS00038316   1
2011   001517609   4   INS00457723   1
2011   001517903   3   INS00005134   13
2011   001517903   3   INS00059010   13
2011   001517903   3   INS00059498   13
2011   001518221   1   INS00627014   6
2011   001518992   2   INS00059010   6
2011   001518992   2   INS00059498   6
2011   001519096   3   INS00001115   12
2011   001519096   3   INS00001602   12
2011   001519096   3   INS00006253   12
2011   001519274   1   INS00117790   0
2011   001523929   4   INS00001599   6
2011   001523929   4   INS00001601   6
2011   001523929   4   INS00001602   6
2011   001523929   4   INS00137992   6
2011   001528003   2   INS00005062   46
2011   001528003   2   INS00111348   46
2011   001528200   2   INS00000966   1
2011   001528200   2   INS00002396   1
2011   001528694   1   INS00005861   6
2011   001529655   1   INS00006568   32
2011   001529780   2   INS00011406   2
2011   001529780   2   INS00367439   2
2011   001529833   3   INS00005625   6
2011   001529833   3   INS00409656   6
2011   001529833   3   INS00593893   6
2011   001535830   2   INS00006827   14
2011   001535830   2   INS00614012   14
2011   001536490   1   INS00614366   0
2011   001541954   2   INS00005063   18
2011   001541954   2   INS00005066   18
2011   001542085   1   INS00005068   6
2011   001542610   3   INS00002412   3
2011   001542610   3   INS00114763   3
2011   001542610   3   INS00114805   3
2011   001547036   3   INS00001120   17
2011   001547036   3   INS00006573   17
2011   001547036   3   INS00006576   17
2011   001557730   3   INS00002244   2
2011   001557730   3   INS00005476   2
2011   001557730   3   INS00366904   2
2011   001560163   1   INS00001600   24
2011   001560600   2   INS00005624   34
2011   001560600   2   INS00494075   34
2011   001562560   1   INS00006568   32
2011   001563110   4   INS00002440   23
2011   001563110   4   INS00106164   23
2011   001563110   4   INS00407489   23
2011   001563110   4   INS00618706   23
2011   001564369   2   INS00006573   10
2011   001564369   2   INS00132583   10
2011   001565105   3   INS00006086   19
2011   001565105   3   INS00104917   19
2011   001565105   3   INS00108691   19
2011   001567333   1   INS00001111   10
2011   001569122   3   INS00006218   6
2011   001569122   3   INS00006220   6
2011   001569122   3   INS00105728   6
2011   001571971   1   INS00627014   6
2011   001572880   2   INS00006829   2
2011   001572880   2   INS00165487   2
2011   001578140   2   INS00006575   106
2011   001578140   2   INS00119242   106
2011   001579263   4   INS00002417   55
2011   001579263   4   INS00006086   55
2011   001579263   4   INS00104918   55
2011   001579263   4   INS00494075   55
2011   001579970   3   INS00002473   5
2011   001579970   3   INS00002485   5
2011   001579970   3   INS00107789   5
2011   001585467   4   INS00002379   10
2011   001585467   4   INS00002402   10
2011   001585467   4   INS00452025   10
2011   001585467   4   INS00493427   10
2011   001587784   2   INS00006025   13
2011   001587784   2   INS00006251   13
2011   001590396   3   INS00002487   2
2011   001590396   3   INS00113491   2
2011   001590396   3   INS00440269   2
2011   001592274   5   INS00002407   6
2011   001592274   5   INS00040533   6
2011   001592274   5   INS00112807   6
2011   001592274   5   INS00138263   6
2011   001592274   5   INS00157699   6
2011   001592407   1   INS00365703   4
2011   001594330   3   INS00002100   2
2011   001594330   3   INS00002468   2
2011   001594330   3   INS00107692   2
2011   001595427   1   INS00005866   4
2011   001595679   1   INS00001600   24
2011   001596999   1   INS00403831   1
2011   001597539   1   INS00119242   102
2011   001599005   1   INS00108670   12
2011   001599355   3   INS00006197   10
2011   001599355   3   INS00088156   10
2011   001599355   3   INS00107941   10
2011   001599598   1   INS00006824   10
2011   001599604   3   INS00006254   3
2011   001599604   3   INS00034509   3
2011   001599604   3   INS00085116   3
2011   001600760   4   INS00001555   9
2011   001600760   4   INS00109981   9
2011   001600760   4   INS00112803   9
2011   001600760   4   INS00137997   9
2011   001603654   2   INS00001105   12
2011   001603654   2   INS00001599   12
2011   001603888   5   INS00006153   4
2011   001603888   5   INS00112828   4
2011   001603888   5   INS00114091   4
2011   001603888   5   INS00118675   4
2011   001603888   5   INS00486965   4
2011   001607484   1   INS00601862   7
2011   001608777   2   INS00106167   1
2011   001608777   2   INS00366645   1
2011   001608848   2   INS00001120   103
2011   001608848   2   INS00119242   103
2011   001609371   3   INS00000519   10
2011   001609371   3   INS00001137   10
2011   001609371   3   INS00057305   10
2011   001609620   2   INS00002409   1
2011   001609620   2   INS00501853   1
2011   001611594   3   INS00006573   121
2011   001611594   3   INS00006824   121
2011   001611594   3   INS00119242   121
2011   001613338   7   INS00006433   18
2011   001613338   7   INS00112810   18
2011   001613338   7   INS00163297   18
2011   001613338   7   INS00455792   18
2011   001613338   7   INS00458004   18
2011   001613338   7   INS00458005   18
2011   001613338   7   INS00601862   18
2011   001614540   3   INS00111351   8
2011   001614540   3   INS00408952   8
2011   001614540   3   INS00595342   8
2011   001617865   1   INS00074044   1
2011   001621053   2   INS00002452   16
2011   001621053   2   INS00276958   16
2011   001623684   2   INS00005072   4
2011   001623684   2   INS00615344   4
2011   001624752   2   INS00006573   10
2011   001624752   2   INS00132583   10
2011   001625240   2   INS00411219   3
2011   001625240   2   INS00618362   3
2011   001626612   3   INS00006197   10
2011   001626612   3   INS00088156   10
2011   001626612   3   INS00107941   10
2011   001628949   1   INS00114380   9
2011   001630473   1   INS00175926   4
2011   001631345   3   INS00002107   5
2011   001631345   3   INS00002404   5
2011   001631345   3   INS00108677   5
2011   001633760   7   INS00001264   36
2011   001633760   7   INS00006568   36
2011   001633760   7   INS00006569   36
2011   001633760   7   INS00006571   36
2011   001633760   7   INS00105641   36
2011   001633760   7   INS00110415   36
2011   001633760   7   INS00605996   36
2011   001638159   2   INS00000525   1
2011   001638159   2   INS00002107   1
2011   001639263   4   INS00006086   19
2011   001639263   4   INS00034503   19
2011   001639263   4   INS00079857   19
2011   001639263   4   INS00104917   19
2011   001643570   2   INS00006262   48
2011   001643570   2   INS00006909   48
2011   001644129   2   INS00005062   46
2011   001644129   2   INS00111348   46
2011   001644307   1   INS00006909   44
2011   001647917   3   INS00113480   104
2011   001647917   3   INS00119242   104
2011   001647917   3   INS00154738   104
2011   001649170   3   INS00006218   6
2011   001649170   3   INS00006220   6
2011   001649170   3   INS00110413   6
2011   001651105   5   INS00002428   33
2011   001651105   5   INS00005628   33
2011   001651105   5   INS00108670   33
2011   001651105   5   INS00261082   33
2011   001651105   5   INS00544271   33
2011   001651698   6   INS00002440   22
2011   001651698   6   INS00002460   22
2011   001651698   6   INS00116450   22
2011   001651698   6   INS00407489   22
2011   001651698   6   INS00615320   22
2011   001651698   6   INS00618706   22
2011   001653253   8   INS00001264   36
2011   001653253   8   INS00006568   36
2011   001653253   8   INS00006569   36
2011   001653253   8   INS00006571   36
2011   001653253   8   INS00105641   36
2011   001653253   8   INS00110415   36
2011   001653253   8   INS00112797   36
2011   001653253   8   INS00555929   36
2011   001654009   1   INS00119242   102
2011   001655697   1   INS00123486   10
2011   001656489   4   INS00002378   7
2011   001656489   4   INS00002481   7
2011   001656489   4   INS00114089   7
2011   001656489   4   INS00497563   7
2011   001656700   1   INS00456861   2
2011   001657190   1   INS00123486   10
2011   001657593   3   INS00001138   10
2011   001657593   3   INS00005069   10
2011   001657593   3   INS00114097   10
2011   001659079   4   INS00002384   13
2011   001659079   4   INS00040319   13
2011   001659079   4   INS00079678   13
2011   001659079   4   INS00607446   13
2011   001660113   3   INS00002448   15
2011   001660113   3   INS00064440   15
2011   001660113   3   INS00079888   15
2011   001660436   4   INS00002388   15
2011   001660436   4   INS00079835   15
2011   001660436   4   INS00079839   15
2011   001660436   4   INS00500678   15
2011   001662299   1   INS00634805   0
2011   001662468   4   INS00002427   15
2011   001662468   4   INS00005069   15
2011   001662468   4   INS00006254   15
2011   001662468   4   INS00114090   15
2011   001662566   2   INS00111351   4
2011   001662566   2   INS00408952   4
2011   001663803   1   INS00527946   0
2011   001666190   4   INS00002448   115
2011   001666190   4   INS00114949   115
2011   001666190   4   INS00119242   115
2011   001666190   4   INS00127537   115
2011   001668130   1   INS00002479   3
2011   001669558   1   INS00626181   0
2011   001671627   1   INS00006568   32
2011   001672428   1   INS00119242   102
2011   001672830   2   INS00006909   50
2011   001672830   2   INS00506288   50
2011   001672900   1   INS00551213   7
2011   001673588   3   INS00002407   17
2011   001673588   3   INS00005134   17
2011   001673588   3   INS00159719   17
2011   001679429   1   INS00119242   102
2011   001682120   2   INS00005062   46
2011   001682120   2   INS00006265   46
2011   001684240   1   INS00108704   0
2011   001687369   1   INS00106164   5
2011   001687968   1   INS00002432   1
2011   001690551   3   INS00002491   4
2011   001690551   3   INS00269164   4
2011   001690551   3   INS00594695   4
2011   001694579   1   INS00119242   102
2011   001696143   2   INS00034560   2
2011   001696143   2   INS00527942   2
2011   001698344   2   INS00002384   8
2011   001698344   2   INS00126521   8
2011   001699557   1   INS00500678   7
2011   001701735   1   INS00001111   10
2011   001701922   3   INS00005624   34
2011   001701922   3   INS00456711   34
2011   001701922   3   INS00494075   34
2011   001703284   2   INS00001264   13
2011   001703284   2   INS00551213   13
2011   001708137   6   INS00006568   32
2011   001708137   6   INS00006569   32
2011   001708137   6   INS00006571   32
2011   001708137   6   INS00110415   32
2011   001708137   6   INS00112797   32
2011   001708137   6   INS00492113   32
2011   001708271   2   INS00001137   2
2011   001708271   2   INS00456986   2
2011   001709170   3   INS00002397   13
2011   001709170   3   INS00002444   13
2011   001709170   3   INS00005305   13
2011   001709911   3   INS00005068   14
2011   001709911   3   INS00005069   14
2011   001709911   3   INS00005073   14
2011   001711320   2   INS00160406   6
2011   001711320   2   INS00548294   6
2011   001712621   4   INS00002480   4
2011   001712621   4   INS00079883   4
2011   001712621   4   INS00137578   4
2011   001712621   4   INS00610893   4
2011   001713360   1   INS00478584   2
2011   001715599   5   INS00005062   53
2011   001715599   5   INS00005069   53
2011   001715599   5   INS00006265   53
2011   001715599   5   INS00025489   53
2011   001715599   5   INS00138166   53
2011   001717118   4   INS00005862   1
2011   001717118   4   INS00005863   1
2011   001717118   4   INS00114803   1
2011   001717118   4   INS00436178   1
2011   001717280   1   INS00618825   0
2011   001717323   2   INS00000519   8
2011   001717323   2   INS00105327   8
2011   001717940   1   INS00002468   2
2011   001720276   1   INS00005861   6
2011   001722495   1   INS00165852   6
2011   001724417   4   INS00002412   9
2011   001724417   4   INS00002444   9
2011   001724417   4   INS00114805   9
2011   001724417   4   INS00468247   9
2011   001725049   2   INS00002441   8
2011   001725049   2   INS00005861   8
2011   001725405   5   INS00002428   29
2011   001725405   5   INS00005628   29
2011   001725405   5   INS00005631   29
2011   001725405   5   INS00005858   29
2011   001725405   5   INS00508997   29
2011   001729075   2   INS00006909   47
2011   001729075   2   INS00074083   47
2011   001729084   2   INS00005067   3
2011   001729084   2   INS00168861   3
2011   001733096   4   INS00002385   9
2011   001733096   4   INS00002417   9
2011   001733096   4   INS00172159   9
2011   001733096   4   INS00366643   9
2011   001735582   1   INS00119242   102
2011   001736211   1   INS00006262   9
2011   001739438   3   INS00006587   0
2011   001739438   3   INS00020212   0
2011   001739438   3   INS00138232   0
2011   001745079   2   INS00006086   19
2011   001745079   2   INS00104995   19
2011   001745471   1   INS00002491   4
2011   001747028   5   INS00006197   11
2011   001747028   5   INS00006201   11
2011   001747028   5   INS00011166   11
2011   001747028   5   INS00037039   11
2011   001747028   5   INS00114088   11
2011   001750210   4   INS00006573   14
2011   001750210   4   INS00006576   14
2011   001750210   4   INS00115216   14
2011   001750210   4   INS00448036   14
2011   001752091   2   INS00005065   5
2011   001752091   2   INS00118960   5
2011   001753482   1   INS00001600   24
2011   001753910   2   INS00074018   20
2011   001753910   2   INS00500678   20
2011   001753965   5   INS00006568   35
2011   001753965   5   INS00006569   35
2011   001753965   5   INS00006571   35
2011   001753965   5   INS00412074   35
2011   001753965   5   INS00551213   35
2011   001754130   3   INS00006573   19
2011   001754130   3   INS00006575   19
2011   001754130   3   INS00403853   19
2011   001754757   1   INS00006749   9
2011   001755315   3   INS00006575   115
2011   001755315   3   INS00006824   115
2011   001755315   3   INS00119242   115
2011   001755638   1   INS00006153   3
2011   001755790   2   INS00006262   48
2011   001755790   2   INS00006909   48
2011   001756798   2   INS00006827   116
2011   001756798   2   INS00119242   116
2011   001757463   2   INS00002457   16
2011   001757463   2   INS00006433   16
2011   001757768   1   INS00001111   10
2011   001758040   1   INS00038269   0
2011   001758738   6   INS00001120   112
2011   001758738   6   INS00002443   112
2011   001758738   6   INS00006575   112
2011   001758738   6   INS00006576   112
2011   001758738   6   INS00119242   112
2011   001758738   6   INS00411219   112
2011   001758980   2   INS00506288   8
2011   001758980   2   INS00633534   8
2011   001759987   5   INS00002440   27
2011   001759987   5   INS00006197   27
2011   001759987   5   INS00006199   27
2011   001759987   5   INS00006200   27
2011   001759987   5   INS00166897   27
2011   001760271   2   INS00006265   15
2011   001760271   2   INS00074117   15
2011   001766426   4   INS00002417   37
2011   001766426   4   INS00005063   37
2011   001766426   4   INS00006086   37
2011   001766426   4   INS00104980   37
2011   001766435   3   INS00001105   13
2011   001766435   3   INS00006253   13
2011   001766435   3   INS00061823   13
2011   001766589   1   INS00006827   14
2011   001766604   3   INS00002443   108
2011   001766604   3   INS00006576   108
2011   001766604   3   INS00119242   108
2011   001766640   6   INS00001120   108
2011   001766640   6   INS00006575   108
2011   001766640   6   INS00114103   108
2011   001766640   6   INS00119242   108
2011   001766640   6   INS00365886   108
2011   001766640   6   INS00584520   108
2011   001770616   3   INS00005062   48
2011   001770616   3   INS00060766   48
2011   001770616   3   INS00367420   48
2011   001770788   1   INS00119242   102
2011   001770984   1   INS00367438   3
2011   001774348   3   INS00002388   7
2011   001774348   3   INS00396165   7
2011   001774348   3   INS00624972   7
2011   001775309   1   INS00119242   102
2011   001780247   1   INS00500080   0
2011   001780292   3   INS00002428   28
2011   001780292   3   INS00005628   28
2011   001780292   3   INS00261082   28
2011   001780621   1   INS00464448   17
2011   001781932   2   INS00006262   48
2011   001781932   2   INS00006909   48
2011   001782920   1   INS00006909   44
2011   001784282   1   INS00366902   0
2011   001786213   1   INS00002473   5
2011   001786699   1   INS00001111   10
2011   001787195   2   INS00074161   1
2011   001787195   2   INS00467934   1
2011   001788675   3   INS00002480   14
2011   001788675   3   INS00006575   14
2011   001788675   3   INS00125374   14
2011   001791438   1   INS00002473   5
2011   001791895   4   INS00002379   109
2011   001791895   4   INS00119242   109
2011   001791895   4   INS00408952   109
2011   001791895   4   INS00607352   109
2011   001792159   3   INS00011171   22
2011   001792159   3   INS00455464   22
2011   001792159   3   INS00464448   22
2011   001792800   1   INS00456861   2
2011   001796416   2   INS00006086   19
2011   001796416   2   INS00104995   19
2011   001797950   2   INS00458002   7
2011   001797950   2   INS00601862   7
2011   001799614   1   INS00002473   5
2011   001801543   1   INS00002452   16
2011   001801839   5   INS00006086   19
2011   001801839   5   INS00034503   19
2011   001801839   5   INS00079857   19
2011   001801839   5   INS00104920   19
2011   001801839   5   INS00115290   19
2011   001802872   3   INS00000519   8
2011   001802872   3   INS00006264   8
2011   001802872   3   INS00023110   8
2011   001804302   1   INS00006909   44
2011   001804821   2   INS00006847   2
2011   001804821   2   INS00113108   2
2011   001807082   4   INS00002447   2
2011   001807082   4   INS00034551   2
2011   001807082   4   INS00061708   2
2011   001807082   4   INS00638231   2
2011   001810918   2   INS00002384   13
2011   001810918   2   INS00607446   13
2011   001812082   1   INS00011171   19
2011   001813132   1   INS00564505   3
2011   001814873   3   INS00000719   4
2011   001814873   3   INS00002412   4
2011   001814873   3   INS00114805   4
2011   001814971   2   INS00000519   8
2011   001814971   2   INS00105327   8
2011   001815333   2   INS00005063   14
2011   001815333   2   INS00123712   14
2011   001817294   2   INS00002448   30
2011   001817294   2   INS00006825   30
2011   001817418   1   INS00485881   7
2011   001818522   7   INS00001140   12
2011   001818522   7   INS00006433   12
2011   001818522   7   INS00034523   12
2011   001818522   7   INS00112810   12
2011   001818522   7   INS00395377   12
2011   001818522   7   INS00401691   12
2011   001818522   7   INS00553223   12
2011   001818700   2   INS00002378   5
2011   001818700   2   INS00265988   5
2011   001822070   1   INS00074083   3
2011   001830053   5   INS00001600   24
2011   001830053   5   INS00005939   24
2011   001830053   5   INS00005955   24
2011   001830053   5   INS00006717   24
2011   001830053   5   INS00407601   24
2011   001833912   1   INS00119242   102
2011   001836754   1   INS00002371   11
2011   001839433   2   INS00006573   10
2011   001839433   2   INS00454553   10
2011   001844291   1   INS00119242   102
2011   001844578   2   INS00011135   0
2011   001844578   2   INS00172789   0
2011   001846760   4   INS00002384   13
2011   001846760   4   INS00040319   13
2011   001846760   4   INS00079678   13
2011   001846760   4   INS00607446   13
2011   001847041   2   INS00002443   104
2011   001847041   2   INS00119242   104
2011   001847239   1   INS00633534   1
2011   001847640   3   INS00006086   19
2011   001847640   3   INS00104918   19
2011   001847640   3   INS00458348   19
2011   001848307   3   INS00005069   15
2011   001848307   3   INS00006253   15
2011   001848307   3   INS00606001   15
2011   001853245   1   INS00006568   32
2011   001853998   2   INS00002439   13
2011   001853998   2   INS00002493   13
2011   001855179   1   INS00002478   0
2011   001856096   4   INS00002372   7
2011   001856096   4   INS00002402   7
2011   001856096   4   INS00114971   7
2011   001856096   4   INS00452025   7
2011   001857520   2   INS00173177   4
2011   001857520   2   INS00512163   4
2011   001857988   1   INS00162102   2
2011   001858018   2   INS00002428   20
2011   001858018   2   INS00108670   20
2011   001858537   4   INS00001292   60
2011   001858537   4   INS00005062   60
2011   001858537   4   INS00005063   60
2011   001858537   4   INS00111348   60
2011   001858760   2   INS00006909   47
2011   001858760   2   INS00564505   47
2011   001859580   3   INS00006218   6
2011   001859580   3   INS00006220   6
2011   001859580   3   INS00105728   6
2011   001860179   1   INS00119242   102
2011   001860197   2   INS00005072   4
2011   001860197   2   INS00526946   4
2011   001861873   7   INS00002481   9
2011   001861873   7   INS00005625   9
2011   001861873   7   INS00005626   9
2011   001861873   7   INS00038290   9
2011   001861873   7   INS00114089   9
2011   001861873   7   INS00409656   9
2011   001861873   7   INS00593893   9
2011   001863831   1   INS00119242   102
2011   001864365   2   INS00005066   10
2011   001864365   2   INS00006888   10
2011   001864525   3   INS00002397   9
2011   001864525   3   INS00005305   9
2011   001864525   3   INS00458208   9
2011   001865863   2   INS00006568   35
2011   001865863   2   INS00551213   35
2011   001866744   1   INS00119242   102
2011   001866815   2   INS00002371   11
2011   001866815   2   INS00272821   11
2011   001866913   2   INS00160406   13
2011   001866913   2   INS00500678   13
2011   001869192   1   INS00074044   1
2011   001871341   1   INS00006749   9
2011   001873210   2   INS00006909   50
2011   001873210   2   INS00506288   50
2011   001873758   2   INS00002491   4
2011   001873758   2   INS00112780   4
2011   001874245   1   INS00006909   44
2011   001874399   1   INS00488197   1
2011   001876061   6   INS00001105   21
2011   001876061   6   INS00001111   21
2011   001876061   6   INS00001599   21
2011   001876061   6   INS00001602   21
2011   001876061   6   INS00079723   21
2011   001876061   6   INS00464217   21
2011   001877579   1   INS00106184   2
2011   001879967   1   INS00005861   6
2011   001880921   3   INS00006086   19
2011   001880921   3   INS00104918   19
2011   001880921   3   INS00458348   19
2011   001882078   2   INS00006909   45
2011   001882078   2   INS00578384   45
2011   001882470   3   INS00006197   10
2011   001882470   3   INS00088156   10
2011   001882470   3   INS00107941   10
2011   001883469   2   INS00005062   46
2011   001883469   2   INS00111348   46
2011   001884054   4   INS00040319   8
2011   001884054   4   INS00079678   8
2011   001884054   4   INS00464051   8
2011   001884054   4   INS00607446   8
2011   001884303   1   INS00104980   2
2011   001884662   1   INS00123486   10
2011   001886308   1   INS00107130   1
2011   001887931   1   INS00506288   7
2011   001890033   2   INS00002447   2
2011   001890033   2   INS00061708   2
2011   001894346   3   INS00002428   20
2011   001894346   3   INS00108670   20
2011   001894346   3   INS00261082   20
2011   001896556   3   INS00002428   28
2011   001896556   3   INS00005628   28
2011   001896556   3   INS00261082   28
2011   001898102   1   INS00162102   2
2011   001899585   5   INS00006568   32
2011   001899585   5   INS00006569   32
2011   001899585   5   INS00006571   32
2011   001899585   5   INS00110415   32
2011   001899585   5   INS00112797   32
2011   001901370   1   INS00119242   102
2011   001902911   3   INS00002448   115
2011   001902911   3   INS00119242   115
2011   001902911   3   INS00127537   115
2011   001903660   1   INS00006086   19
2011   001903740   3   INS00005062   51
2011   001903740   3   INS00006265   51
2011   001903740   3   INS00074018   51
2011   001905243   6   INS00002097   45
2011   001905243   6   INS00002098   45
2011   001905243   6   INS00005070   45
2011   001905243   6   INS00006909   45
2011   001905243   6   INS00114072   45
2011   001905243   6   INS00633500   45
2011   001906803   3   INS00006575   10
2011   001906803   3   INS00365886   10
2011   001906803   3   INS00584520   10
2011   001907041   2   INS00002402   6
2011   001907041   2   INS00452025   6
2011   001907355   2   INS00001111   12
2011   001907355   2   INS00366681   12
2011   001907408   1   INS00006251   13
2011   001910145   2   INS00002443   104
2011   001910145   2   INS00119242   104
2011   001911231   2   INS00005062   45
2011   001911231   2   INS00615600   45
2011   001911634   1   INS00104611   0
2011   001911821   3   INS00006202   3
2011   001911821   3   INS00139119   3
2011   001911821   3   INS00582392   3
2011   001911939   2   INS00079795   10
2011   001911939   2   INS00123486   10
2011   001912041   3   INS00000760   46
2011   001912041   3   INS00000761   46
2011   001912041   3   INS00006909   46
2011   001915956   1   INS00006251   13
2011   001921621   2   INS00002443   104
2011   001921621   2   INS00119242   104
2011   001927320   2   INS00005628   14
2011   001927320   2   INS00087990   14
2011   001927358   3   INS00005859   105
2011   001927358   3   INS00007400   105
2011   001927358   3   INS00119242   105
2011   001937185   1   INS00006747   1
2011   001940304   3   INS00006086   19
2011   001940304   3   INS00104918   19
2011   001940304   3   INS00458348   19
2011   001943629   1   INS00607446   7
2011   001944297   2   INS00001555   12
2011   001944297   2   INS00002479   12
2011   001947225   3   INS00002448   29
2011   001947225   3   INS00006827   29
2011   001947225   3   INS00127537   29
2011   001947904   1   INS00002473   5
2011   001950285   3   INS00006086   19
2011   001950285   3   INS00104918   19
2011   001950285   3   INS00115290   19
2011   001952000   2   INS00006433   11
2011   001952000   2   INS00112810   11
2011   001952038   2   INS00006433   11
2011   001952038   2   INS00112810   11
2011   001952314   3   INS00149736   7
2011   001952314   3   INS00458002   7
2011   001952314   3   INS00601862   7
2011   001953877   4   INS00002440   22
2011   001953877   4   INS00002454   22
2011   001953877   4   INS00407489   22
2011   001953877   4   INS00618706   22
2011   001954874   1   INS00367420   3
2011   001955076   2   INS00002452   16
2011   001955076   2   INS00276958   16
2011   001957830   4   INS00005624   34
2011   001957830   4   INS00034473   34
2011   001957830   4   INS00456711   34
2011   001957830   4   INS00494075   34
2011   001963720   2   INS00006829   2
2011   001963720   2   INS00165487   2
2011   001965519   1   INS00006906   0
2011   001965555   2   INS00011171   22
2011   001965555   2   INS00464448   22
2011   001968673   1   INS00478767   0
2011   001970887   2   INS00006825   18
2011   001970887   2   INS00367438   18
2011   001971356   3   INS00002440   18
2011   001971356   3   INS00407489   18
2011   001971356   3   INS00618706   18
2011   001972291   3   INS00002440   18
2011   001972291   3   INS00407489   18
2011   001972291   3   INS00584418   18
2011   001972317   2   INS00006433   11
2011   001972317   2   INS00112810   11
2011   007049442   2   INS00005062   46
2011   007049442   2   INS00006265   46
2011   007213727   1   INS00002439   12
2011   007219604   3   INS00002439   13
2011   007219604   3   INS00002493   13
2011   007219604   3   INS00168141   13
2011   007252547   1   INS00005136   4
2011   007255736   1   INS00074055   0
2011   007320075   4   INS00006568   32
2011   007320075   4   INS00006569   32
2011   007320075   4   INS00006571   32
2011   007320075   4   INS00112797   32
2011   007390300   1   INS00011169   2
2011   100755681   2   INS00005063   18
2011   100755681   2   INS00005066   18
2011   100774130   2   INS00006251   38
2011   100774130   2   INS00111348   38
2011   100814835   2   INS00002440   18
2011   100814835   2   INS00110940   18
2011   100819484   1   INS00123486   10
2011   100819733   1   INS00005062   45
2011   100849429   2   INS00006746   5
2011   100849429   2   INS00365703   5
2011   100860829   1   INS00467870   0
2011   100866448   1   INS00485881   7
2011   100906427   4   INS00002475   14
2011   100906427   4   INS00006573   14
2011   100906427   4   INS00408952   14
2011   100906427   4   INS00465263   14
2011   100910958   5   INS00002372   15
2011   100910958   5   INS00002416   15
2011   100910958   5   INS00006202   15
2011   100910958   5   INS00114100   15
2011   100910958   5   INS00114971   15
2011   100922636   1   INS00106164   5
2011   100936186   2   INS00172159   3
2011   100936186   2   INS00492927   3
2011   100938350   1   INS00005628   14
2011   100948276   2   INS00005062   46
2011   100948276   2   INS00111348   46
2011   100958880   3   INS00005123   45
2011   100958880   3   INS00006266   45
2011   100958880   3   INS00006909   45
2011   100963559   2   INS00002439   12
2011   100963559   2   INS00108668   12
2011   100967600   2   INS00002417   4
2011   100967600   2   INS00104996   4
2011   100971390   1   INS00002377   4
2011   100999990   2   INS00011171   22
2011   100999990   2   INS00464448   22
2011   101002853   1   INS00011171   19
2011   101007994   3   INS00002452   19
2011   101007994   3   INS00005984   19
2011   101007994   3   INS00006747   19
2011   101023488   3   INS00001555   9
2011   101023488   3   INS00001556   9
2011   101023488   3   INS00386249   9
2011   101036860   1   INS00002432   1
2011   101040110   2   INS00005065   5
2011   101040110   2   INS00118960   5
2011   101044460   1   INS00005064   1
2011   101055418   1   INS00119242   102
2011   101055820   1   INS00119242   102
2011   101058518   1   INS00001600   24
2011   101081534   1   INS00074117   7
2011   101089739   1   INS00366904   2
2011   101106016   1   INS00174384   0
2011   101117477   1   INS00002371   11
2011   101122216   1   INS00468247   2
2011   101139840   1   INS00005984   4
2011   101161072   1   INS00001111   10
2011   101167497   1   INS00003716   0
2011   101195080   1   INS00044927   0
2011   101198232   1   INS00119242   102
2011   101203655   3   INS00001600   42
2011   101203655   3   INS00005063   42
2011   101203655   3   INS00005066   42
2011   101205355   1   INS00485881   7
2011   101215790   4   INS00000725   15
2011   101215790   4   INS00006197   15
2011   101215790   4   INS00088156   15
2011   101215790   4   INS00170425   15
2011   101219243   1   INS00493427   1
2011   101220763   2   INS00172159   3
2011   101220763   2   INS00492939   3
2011   101235962   1   INS00564505   3
2011   101249144   1   INS00006750   0
2011   101254636   1   INS00640681   3
2011   101257880   2   INS00006262   48
2011   101257880   2   INS00006909   48
2011   101291030   2   INS00005062   50
2011   101291030   2   INS00074018   50
2011   101308236   3   INS00006086   19
2011   101308236   3   INS00006497   19
2011   101308236   3   INS00104920   19
2011   101313648   1   INS00119242   102
2011   101314547   1   INS00006253   5
2011   101317825   2   INS00002439   13
2011   101317825   2   INS00002493   13
2011   101321686   2   INS00002460   7
2011   101321686   2   INS00116450   7
2011   101338164   1   INS00539755   6
2011   101346255   2   INS00005063   18
2011   101346255   2   INS00005066   18
2011   101352889   3   INS00005134   11
2011   101352889   3   INS00029674   11
2011   101352889   3   INS00637766   11
2011   101358200   2   INS00002439   13
2011   101358200   2   INS00002493   13
2011   101359647   3   INS00002444   6
2011   101359647   3   INS00014915   6
2011   101359647   3   INS00074159   6
2011   101365359   1   INS00119242   102
2011   101375417   1   INS00119242   102
2011   101375749   3   INS00002457   8
2011   101375749   3   INS00366667   8
2011   101375749   3   INS00635517   8
2011   101376512   1   INS00119242   102
2011   101379588   1   INS00006749   9
2011   101389388   1   INS00492940   0
2011   101394708   3   INS00005624   34
2011   101394708   3   INS00494075   34
2011   101394708   3   INS00499430   34
2011   101394726   3   INS00006086   19
2011   101394726   3   INS00104920   19
2011   101394726   3   INS00115290   19
2011   101396041   2   INS00006018   1
2011   101396041   2   INS00633447   1
2011   101413367   1   INS00119242   102
2011   101429939   2   INS00002390   102
2011   101429939   2   INS00119242   102
2011   101434536   1   INS00074159   2
2011   101450834   1   INS00398313   2
2011   101461248   2   INS00002448   15
2011   101461248   2   INS00127537   15
2011   101462906   1   INS00002448   15
2011   101487084   2   INS00006025   13
2011   101487084   2   INS00006251   13
2011   101507122   1   INS00006574   1
2011   101514459   5   INS00002443   24
2011   101514459   5   INS00006573   24
2011   101514459   5   INS00006575   24
2011   101514459   5   INS00584696   24
2011   101514459   5   INS00593757   24
2011   101516515   2   INS00005859   3
2011   101516515   2   INS00456350   3
2011   101520661   3   INS00002382   105
2011   101520661   3   INS00119242   105
2011   101520661   3   INS00454516   105
2011   101528795   4   INS00006568   32
2011   101528795   4   INS00006569   32
2011   101528795   4   INS00006571   32
2011   101528795   4   INS00112797   32
2011   101530775   1   INS00366083   0
2011   101540950   5   INS00001119   12
2011   101540950   5   INS00006405   12
2011   101540950   5   INS00006406   12
2011   101540950   5   INS00006433   12
2011   101540950   5   INS00112810   12
2011   101576120   3   INS00002427   47
2011   101576120   3   INS00006909   47
2011   101576120   3   INS00114090   47
2011   101580928   1   INS00367438   3
2011   101622071   2   INS00006909   49
2011   101622071   2   INS00627014   49
2011   101624773   3   INS00002440   18
2011   101624773   3   INS00407489   18
2011   101624773   3   INS00618706   18
2011   101628370   1   INS00002371   11
2011   101639883   2   INS00005134   11
2011   101639883   2   INS00009765   11
2011   101656392   2   INS00005062   46
2011   101656392   2   INS00111348   46
2011   101664287   2   INS00005062   46
2011   101664287   2   INS00111348   46
2011   101670005   1   INS00006825   15
2011   101692853   1   INS00001264   6
2011   101694947   4   INS00002487   2
2011   101694947   4   INS00046463   2
2011   101694947   4   INS00079790   2
2011   101694947   4   INS00556110   2
2011   101695130   2   INS00006433   11
2011   101695130   2   INS00112810   11
2011   101696370   2   INS00005859   3
2011   101696370   2   INS00007400   3
2011   101697063   1   INS00494075   34
2011   101700848   3   INS00040319   8
2011   101700848   3   INS00079678   8
2011   101700848   3   INS00607446   8
2011   101703222   2   INS00001264   6
2011   101703222   2   INS00107301   6
2011   101708149   2   INS00005062   46
2011   101708149   2   INS00111348   46
2011   101710915   3   INS00006218   6
2011   101710915   3   INS00006220   6
2011   101710915   3   INS00105728   6
2011   101727190   3   INS00006218   6
2011   101727190   3   INS00006220   6
2011   101727190   3   INS00105728   6
2011   101727270   1   INS00011167   4
2011   101728508   1   INS00398313   2
2011   101729247   1   INS00006909   44
2011   101734078   1   INS00119242   102
2011   101734130   2   INS00006753   104
2011   101734130   2   INS00119242   104
2011   101736949   2   INS00005859   3
2011   101736949   2   INS00007400   3
2011   101738101   1   INS00119242   102
2011   101745302   1   INS00529591   2
2011   101747719   1   INS00561433   2
2011   101755425   1   INS00613307   2
2011   101758937   1   INS00367435   6
2011   101763285   3   INS00002440   18
2011   101763285   3   INS00407489   18
2011   101763285   3   INS00618706   18
2011   101765109   1   INS00001555   9
2011   101766877   1   INS00006909   44
2011   101785961   1   INS00006909   44
2011   101814034   2   INS00001115   4
2011   101814034   2   INS00640681   4
2011   101832130   1   INS00173177   2
2011   101840348   2   INS00002459   0
2011   101840348   2   INS00171618   0
2011   101852429   2   INS00500678   9
2011   101852429   2   INS00529591   9
2011   101858610   1   INS00104980   2
2011   101859706   4   INS00006568   32
2011   101859706   4   INS00006569   32
2011   101859706   4   INS00006571   32
2011   101859706   4   INS00112797   32
2011   101860654   1   INS00006568   32
2011   101861034   2   INS00005062   46
2011   101861034   2   INS00111348   46
2011   101865955   1   INS00007413   0
2011   101875165   3   INS00005624   36
2011   101875165   3   INS00494075   36
2011   101875165   3   INS00544271   36
2011   101880942   1   INS00500678   7
2011   101886365   1   INS00000680   0
2011   101897117   2   INS00001119   25
2011   101897117   2   INS00001600   25
2011   101902914   1   INS00006909   44
2011   101917130   1   INS00607446   7
2011   101920654   2   INS00011171   22
2011   101920654   2   INS00464448   22
2011   101927619   2   INS00002415   8
2011   101927619   2   INS00367435   8
2011   101931809   6   INS00002404   14
2011   101931809   6   INS00002412   14
2011   101931809   6   INS00002460   14
2011   101931809   6   INS00108677   14
2011   101931809   6   INS00114805   14
2011   101931809   6   INS00116450   14
2011   101931818   4   INS00006086   26
2011   101931818   4   INS00104917   26
2011   101931818   4   INS00104920   26
2011   101931818   4   INS00500678   26
2011   101934453   1   INS00402623   0
2011   101938013   2   INS00005134   11
2011   101938013   2   INS00138985   11
2011   101974430   1   INS00006341   0
2011   101974637   1   INS00005628   14
2011   101975240   4   INS00005062   51
2011   101975240   4   INS00074018   51
2011   101975240   4   INS00103662   51
2011   101975240   4   INS00111348   51
2011   101981328   1   INS00001600   24
2011   101984660   1   INS00604884   3
2011   101985621   4   INS00002443   109
2011   101985621   4   INS00006576   109
2011   101985621   4   INS00119242   109
2011   101985621   4   INS00409132   109
2011   102001583   2   INS00002388   51
2011   102001583   2   INS00006909   51
2011   102002590   4   INS00001184   25
2011   102002590   4   INS00011167   25
2011   102002590   4   INS00011171   25
2011   102002590   4   INS00464448   25
2011   102004413   1   INS00006909   44
2011   102004496   1   INS00011123   0
2011   102019757   1   INS00276901   3
2011   102023366   1   INS00506288   7
2011   102025914   1   INS00123486   10
2011   102025997   1   INS00074018   13
2011   102030048   1   INS00119242   102
2011   102042488   1   INS00011152   0
2011   102047081   1   INS00119242   102
2011   102048169   1   INS00606001   2
2011   102048973   1   INS00006568   32
2011   102063620   3   INS00002433   1
2011   102063620   3   INS00114091   1
2011   102063620   3   INS00520539   1
2011   102068134   1   INS00001600   24
2011   102072576   1   INS00119242   102
2011   102075308   1   INS00006197   10
2011   102076806   1   INS00002385   2
2011   102079497   2   INS00002457   7
2011   102079497   2   INS00366667   7
2011   102079568   2   INS00006909   45
2011   102079568   2   INS00011166   45
2011   102079577   3   INS00002439   14
2011   102079577   3   INS00002486   14
2011   102079577   3   INS00108668   14
2011   102096970   1   INS00006568   32
2011   102100269   1   INS00119242   102
2011   102110158   1   INS00613307   2
2011   102112330   3   INS00005625   6
2011   102112330   3   INS00409656   6
2011   102112330   3   INS00593893   6
2011   102116026   4   INS00006568   32
2011   102116026   4   INS00006569   32
2011   102116026   4   INS00006571   32
2011   102116026   4   INS00110415   32
2011   102118110   2   INS00001115   4
2011   102118110   2   INS00640681   4
2011   102124547   1   INS00119242   102
2011   102124841   3   INS00005063   61
2011   102124841   3   INS00005066   61
2011   102124841   3   INS00006909   61
2011   102125633   1   INS00006423   1
2011   102125740   2   INS00006086   19
2011   102125740   2   INS00041565   19
2011   102134928   4   INS00006575   106
2011   102134928   4   INS00119242   106
2011   102134928   4   INS00365886   106
2011   102134928   4   INS00584520   106
2011   102144209   1   INS00633319   0
2011   102146802   1   INS00000931   0
2011   102147167   6   INS00006400   3
2011   102147167   6   INS00049629   3
2011   102147167   6   INS00409132   3
2011   102147167   6   INS00536368   3
2011   102147167   6   INS00593794   3
2011   102147167   6   INS00638371   3
2011   102148360   2   INS00041038   102
2011   102148360   2   INS00119242   102
2011   102150180   1   INS00119242   102
2011   102153629   2   INS00005063   18
2011   102153629   2   INS00005066   18
2011   102154582   1   INS00000610   0
2011   102164936   4   INS00005625   40
2011   102164936   4   INS00409656   40
2011   102164936   4   INS00494075   40
2011   102164936   4   INS00593893   40
2011   102167141   4   INS00006218   23
2011   102167141   4   INS00006749   23
2011   102167141   4   INS00010210   23
2011   102167141   4   INS00074117   23
2011   102167268   1   INS00002367   0
2011   102171485   1   INS00006825   15
2011   102174173   1   INS00114380   9
2011   102174727   1   INS00119242   102
2011   102175985   1   INS00119242   102
2011   102176015   1   INS00539755   6
2011   102176516   2   INS00002415   8
2011   102176516   2   INS00367435   8
2011   102177531   1   INS00006909   44
2011   102178379   1   INS00632949   0
2011   102178790   3   INS00005062   52
2011   102178790   3   INS00074117   52
2011   102178790   3   INS00111348   52
2011   102179124   2   INS00004977   102
2011   102179124   2   INS00119242   102
2011   102180223   4   INS00002180   0
2011   102180223   4   INS00110396   0
2011   102180223   4   INS00367291   0
2011   102180223   4   INS00405022   0
2011   102185570   2   INS00005062   46
2011   102185570   2   INS00111348   46
2011   102188375   2   INS00001111   10
2011   102188375   2   INS00492063   10
2011   102191272   2   INS00006602   0
2011   102191272   2   INS00456048   0
2011   102192921   5   INS00006568   32
2011   102192921   5   INS00006569   32
2011   102192921   5   INS00006571   32
2011   102192921   5   INS00022894   32
2011   102192921   5   INS00112797   32
2011   102195253   3   INS00005071   6
2011   102195253   3   INS00010210   6
2011   102195253   3   INS00498199   6
2011   102195638   2   INS00005062   46
2011   102195638   2   INS00111348   46
2011   102196760   1   INS00530738   2
2011   102197285   2   INS00005062   46
2011   102197285   2   INS00111348   46
2011   102197516   2   INS00006568   41
2011   102197516   2   INS00114380   41
2011   102199190   2   INS00002371   11
2011   102199190   2   INS00050301   11
2011   102202714   3   INS00005063   50
2011   102202714   3   INS00005066   50
2011   102202714   3   INS00006568   50
2011   102208244   1   INS00001600   24
2011   102209377   2   INS00001105   8
2011   102209377   2   INS00061823   8
2011   102211885   2   INS00045957   0
2011   102211885   2   INS00124796   0
2011   102215893   3   INS00005062   51
2011   102215893   3   INS00074018   51
2011   102215893   3   INS00111348   51
2011   102218877   3   INS00001264   6
2011   102218877   3   INS00107301   6
2011   102218877   3   INS00110664   6
2011   102221012   1   INS00005068   6
2011   102222065   1   INS00106184   2
2011   102224462   2   INS00005062   46
2011   102224462   2   INS00111348   46
2011   102226609   1   INS00119242   102
2011   102232740   3   INS00005624   34
2011   102232740   3   INS00456711   34
2011   102232740   3   INS00494075   34
2011   102238501   1   INS00003438   0
2011   102243252   1   INS00002430   0
2011   102243575   1   INS00006909   44
2011   102243619   1   INS00276874   0
2011   102254630   1   INS00005866   4
2011   102257801   1   INS00494075   34
2011   102264127   1   INS00011171   19
2011   102270115   1   INS00173177   2
2011   102271177   4   INS00002416   22
2011   102271177   4   INS00002452   22
2011   102271177   4   INS00005984   22
2011   102271177   4   INS00110575   22
2011   102272325   2   INS00005624   34
2011   102272325   2   INS00494075   34
2011   102273743   1   INS00458243   0
2011   102276852   2   INS00006211   1
2011   102276852   2   INS00006213   1
2011   102280514   2   INS00011171   22
2011   102280514   2   INS00464448   22
2011   102291222   3   INS00006400   4
2011   102291222   3   INS00544733   4
2011   102291222   3   INS00604884   4
2011   102294510   1   INS00485881   7
2011   102294986   2   INS00001136   26
2011   102294986   2   INS00001600   26
2011   102297610   1   INS00119242   102
2011   102299060   1   INS00119242   102
2011   102300626   1   INS00619137   0
2011   102304429   1   INS00119086   0
2011   102306835   2   INS00119242   103
2011   102306835   2   INS00575957   103
2011   102310195   2   INS00002402   6
2011   102310195   2   INS00452025   6
2011   102317777   2   INS00601860   7
2011   102317777   2   INS00601862   7
2011   102318460   3   INS00457997   7
2011   102318460   3   INS00457998   7
2011   102318460   3   INS00601862   7
2011   102319600   1   INS00001600   24
2011   102322561   1   INS00494075   34
2011   102322650   2   INS00006581   3
2011   102322650   2   INS00103553   3
2011   102322768   1   INS00006825   15
2011   102323504   3   INS00005624   47
2011   102323504   3   INS00006251   47
2011   102323504   3   INS00494075   47
2011   102323999   3   INS00408919   0
2011   102323999   3   INS00572104   0
2011   102323999   3   INS00572107   0
2011   102324299   2   INS00119135   0
2011   102324299   2   INS00269255   0
2011   102324440   2   INS00005624   34
2011   102324440   2   INS00494075   34
2011   102325895   1   INS00633447   1
2011   102327030   2   INS00005134   11
2011   102327030   2   INS00275995   11
2011   102327343   4   INS00000757   7
2011   102327343   4   INS00005137   7
2011   102327343   4   INS00106313   7
2011   102327343   4   INS00485881   7
2011   102328037   1   INS00001600   24
2011   102330680   1   INS00006423   1
2011   102330859   4   INS00000611   22
2011   102330859   4   INS00011171   22
2011   102330859   4   INS00464448   22
2011   102330859   4   INS00545089   22
2011   102331177   1   INS00114380   9
2011   102331570   4   INS00000760   3
2011   102331570   4   INS00000761   3
2011   102331570   4   INS00002103   3
2011   102331570   4   INS00566663   3
2011   102332639   2   INS00006746   5
2011   102332639   2   INS00458208   5
2011   102332826   1   INS00001600   24
2011   102333091   2   INS00011171   22
2011   102333091   2   INS00464448   22
2011   102334651   1   INS00604884   3
2011   102337798   2   INS00002415   8
2011   102337798   2   INS00367435   8
2011   102337911   2   INS00002402   6
2011   102337911   2   INS00452025   6
2011   102338848   2   INS00006825   17
2011   102338848   2   INS00512163   17
2011   102339522   2   INS00006744   3
2011   102339522   2   INS00106184   3
2011   102341398   2   INS00006825   21
2011   102341398   2   INS00165852   21
2011   102341950   2   INS00005624   34
2011   102341950   2   INS00494075   34
2011   102366252   2   INS00002382   3
2011   102366252   2   INS00454516   3
2011   102367124   1   INS00119242   102
2011   102367661   1   INS00006197   10
2011   102369530   1   INS00002386   0
2011   102370291   1   INS00001693   0
2011   102377120   1   INS00011171   19
2011   102377327   3   INS00006604   0
2011   102377327   3   INS00121484   0
2011   102377327   3   INS00569569   0
2011   102383736   1   INS00005155   0
2011   102384608   1   INS00006568   32
2011   102386747   1   INS00114380   9
2011   102389195   1   INS00001600   24
2011   102398176   1   INS00005136   4
2011   102398917   1   INS00005136   4
2011   102401360   1   INS00006825   15
2011   102402072   3   INS00005062   52
2011   102402072   3   INS00074117   52
2011   102402072   3   INS00111348   52
2011   102407542   1   INS00119242   102
2011   102413503   1   INS00114380   9
2011   102417960   5   INS00001599   30
2011   102417960   5   INS00001600   30
2011   102417960   5   INS00001601   30
2011   102417960   5   INS00001602   30
2011   102417960   5   INS00073420   30
2011   102421864   1   INS00114380   9
2011   102428248   1   INS00001600   24
2011   102430184   2   INS00005624   34
2011   102430184   2   INS00494075   34
2011   102431136   2   INS00005062   46
2011   102431136   2   INS00111348   46
2011   102433337   2   INS00002378   4
2011   102433337   2   INS00089839   4
2011   102436446   1   INS00006213   1
2011   102439232   1   INS00007392   0
2011   102444161   2   INS00005062   46
2011   102444161   2   INS00111348   46
2011   102444798   2   INS00000519   8
2011   102444798   2   INS00105327   8
2011   102447261   2   INS00005953   6
2011   102447261   2   INS00539755   6
2011   102456636   1   INS00119242   102
2011   102457221   2   INS00005062   46
2011   102457221   2   INS00111348   46
2011   102457268   2   INS00005624   34
2011   102457268   2   INS00494075   34
2011   102457277   1   INS00627014   6
2011   102458004   2   INS00119242   103
2011   102458004   2   INS00409132   103
2011   102462052   4   INS00398270   7
2011   102462052   4   INS00457999   7
2011   102462052   4   INS00458007   7
2011   102462052   4   INS00601862   7
2011   102462384   1   INS00011183   0
2011   102463200   2   INS00002390   102
2011   102463200   2   INS00119242   102
2011   102470260   2   INS00006251   20
2011   102470260   2   INS00114380   20
2011   102470896   2   INS00005624   34
2011   102470896   2   INS00494075   34
2011   102473280   2   INS00002402   6
2011   102473280   2   INS00452025   6
2011   102473842   1   INS00004379   0
2011   102481503   2   INS00001770   0
2011   102481503   2   INS00478209   0
2011   102481728   5   INS00005134   46
2011   102481728   5   INS00005624   46
2011   102481728   5   INS00059010   46
2011   102481728   5   INS00059498   46
2011   102481728   5   INS00494075   46
2011   102485389   2   INS00005624   34
2011   102485389   2   INS00494075   34
2011   102485638   1   INS00544271   4
2011   102486635   1   INS00003443   0
2011   102486930   1   INS00005065   4
2011   102487857   1   INS00119242   102
2011   102492928   3   INS00005624   36
2011   102492928   3   INS00494075   36
2011   102492928   3   INS00544271   36
2011   102493513   1   INS00006574   1
2011   102494403   3   INS00005062   47
2011   102494403   3   INS00103874   47
2011   102494403   3   INS00111348   47
2011   102495358   1   INS00397796   1
2011   102495429   2   INS00002452   16
2011   102495429   2   INS00110575   16
2011   102495714   1   INS00006849   0
2011   102497755   1   INS00119242   102
2011   102498260   1   INS00613307   2
2011   102499633   2   INS00002371   12
2011   102499633   2   INS00595342   12
2011   102508142   3   INS00000599   34
2011   102508142   3   INS00005624   34
2011   102508142   3   INS00494075   34
2011   102508821   1   INS00002440   18
2011   102511237   1   INS00119242   102
2011   102513492   2   INS00002371   12
2011   102513492   2   INS00595342   12
2011   102513868   3   INS00005364   0
2011   102513868   3   INS00006127   0
2011   102513868   3   INS00270357   0
2011   102518819   1   INS00367448   0
2011   102523757   2   INS00002109   1
2011   102523757   2   INS00005479   1
2011   102524790   2   INS00002428   19
2011   102524790   2   INS00261082   19
2011   102526392   3   INS00002578   3
2011   102526392   3   INS00005567   3
2011   102526392   3   INS00112749   3
2011   102526820   1   INS00612037   0
2011   102531893   1   INS00366175   0
2011   102531937   1   INS00182624   0
2011   102533548   1   INS00006568   32
2011   102533557   2   INS00005624   34
2011   102533557   2   INS00494075   34
2011   102537190   1   INS00002371   11
2011   102541844   1   INS00468252   0
2011   102546715   1   INS00002310   0
2011   102548550   1   INS00006568   32
2011   102550674   1   INS00006909   44
2011   102553685   1   INS00002452   16
2011   102558430   1   INS00006251   13
2011   102563055   2   INS00002416   11
2011   102563055   2   INS00110402   11
2011   102567377   1   INS00001359   0
2011   102567967   1   INS00006909   44
2011   102576394   1   INS00119242   102
2011   102580074   2   INS00011169   4
2011   102580074   2   INS00529591   4
2011   102581044   2   INS00005479   8
2011   102581044   2   INS00485881   8
2011   102582490   1   INS00119242   102
2011   102582945   1   INS00539755   6
2011   102585295   1   INS00119242   102
2011   102586953   1   INS00119242   102
2011   102595228   2   INS00002374   0
2011   102595228   2   INS00060082   0
2011   102595729   1   INS00005065   4
2011   102597643   2   INS00002584   0
2011   102597643   2   INS00139046   0
2011   102597803   1   INS00119242   102
2011   102599049   1   INS00119242   102
2011   102611161   2   INS00005624   34
2011   102611161   2   INS00494075   34
2011   102612051   1   INS00001600   24
2011   102614000   1   INS00001136   2
2011   102615429   2   INS00005607   0
2011   102615429   2   INS00009815   0
2011   102616570   2   INS00001600   25
2011   102616570   2   INS00488197   25
2011   102616687   2   INS00118960   8
2011   102616687   2   INS00539755   8
2011   102616800   5   INS00001599   30
2011   102616800   5   INS00001600   30
2011   102616800   5   INS00001601   30
2011   102616800   5   INS00001602   30
2011   102616800   5   INS00073420   30
2011   102617129   1   INS00005483   0
2011   102617227   3   INS00005134   13
2011   102617227   3   INS00059010   13
2011   102617227   3   INS00059498   13
2011   102619061   1   INS00543972   0
2011   102621640   3   INS00005123   1
2011   102621640   3   INS00478204   1
2011   102621640   3   INS00548166   1
2011   102622405   2   INS00002460   7
2011   102622405   2   INS00116450   7
2011   102623298   1   INS00006824   10
2011   102625828   1   INS00001555   9
2011   102631226   2   INS00005206   0
2011   102631226   2   INS00565103   0
2011   102631997   1   INS00119242   102
2011   102632214   1   INS00005547   0
2011   102632967   1   INS00009582   0
2011   102641821   2   INS00005624   34
2011   102641821   2   INS00494075   34
2011   102643915   2   INS00001600   24
2011   102643915   2   INS00003447   24
2011   102652665   1   INS00115555   0
2011   102652861   1   INS00006254   3
2011   102653466   2   INS00006096   5
2011   102653466   2   INS00478584   5
2011   102663678   3   INS00002457   52
2011   102663678   3   INS00005062   52
2011   102663678   3   INS00366667   52
2011   102665485   1   INS00006744   1
2011   102671034   2   INS00005228   0
2011   102671034   2   INS00487492   0
2011   102672630   2   INS00006480   0
2011   102672630   2   INS00006481   0
2011   102674519   7   INS00001187   24
2011   102674519   7   INS00001600   24
2011   102674519   7   INS00005413   24
2011   102674519   7   INS00005513   24
2011   102674519   7   INS00005514   24
2011   102674519   7   INS00005515   24
2011   102674519   7   INS00601895   24
2011   102676658   2   INS00005062   46
2011   102676658   2   INS00111348   46
2011   102682190   1   INS00160406   6
2011   102682243   1   INS00160406   6
