year	pid	org_n	ims_org_id
2010	000544272	1	INS00606001
2010	000546867	3	INS00002428
2010	000546867	3	INS00007982
2010	000546867	3	INS00108670
2010	000547701	3	INS00002397
2010	000547701	3	INS00112777
2010	000547701	3	INS00264757
2010	000547864	2	INS00002378
2010	000547864	2	INS00276935
2010	000548370	2	INS00002397
2010	000548370	2	INS00005305
2010	000550091	2	INS00002454
2010	000550091	2	INS00079853
2010	000550108	1	INS00119242
2010	000550206	1	INS00005628
2010	000550233	3	INS00005072
2010	000550233	3	INS00073420
2010	000550233	3	INS00500678
2010	000550752	2	INS00005066
2010	000550752	2	INS00006572
2010	000550850	1	INS00494075
2010	000551310	2	INS00005062
2010	000551310	2	INS00111348
2010	000551320	1	INS00074018
2010	000552309	1	INS00002480
2010	000552318	2	INS00002493
2010	000552318	2	INS00165852
2010	000552425	2	INS00365703
2010	000552425	2	INS00591737
2010	000552452	2	INS00000725
2010	000552452	2	INS00113481
2010	000552953	2	INS00000725
2010	000552953	2	INS00113481
2010	000553039	4	INS00011167
2010	000553039	4	INS00034529
2010	000553039	4	INS00040180
2010	000553039	4	INS00499820
2010	000553173	1	INS00107130
2010	000553549	2	INS00005305
2010	000553549	2	INS00014338
2010	000553629	6	INS00006025
2010	000553629	6	INS00006251
2010	000553629	6	INS00006568
2010	000553629	6	INS00006569
2010	000553629	6	INS00006571
2010	000553629	6	INS00492035
2010	000554054	1	INS00107130
2010	000554116	2	INS00002415
2010	000554116	2	INS00367435
2010	000554949	2	INS00006909
2010	000554949	2	INS00367420
2010	000555070	1	INS00528541
2010	000555623	1	INS00011171
2010	000556175	2	INS00005628
2010	000556175	2	INS00494075
2010	000556362	2	INS00002578
2010	000556362	2	INS00179798
2010	000556442	1	INS00403948
2010	000556685	4	INS00002397
2010	000556685	4	INS00366655
2010	000556685	4	INS00366657
2010	000556685	4	INS00458208
2010	000556863	2	INS00005062
2010	000556863	2	INS00006265
2010	000557225	2	INS00006433
2010	000557225	2	INS00112810
2010	000557314	2	INS00002384
2010	000557314	2	INS00175926
2010	000571233	3	INS00002476
2010	000571233	3	INS00113490
2010	000571233	3	INS00403923
2010	000585794	3	INS00002440
2010	000585794	3	INS00002460
2010	000585794	3	INS00116450
2010	000586862	1	INS00087013
2010	000588061	1	INS00002473
2010	000588590	2	INS00002397
2010	000588590	2	INS00005305
2010	000589318	1	INS00539753
2010	000589701	4	INS00002428
2010	000589701	4	INS00034545
2010	000589701	4	INS00034546
2010	000589701	4	INS00108670
2010	000590220	1	INS00448194
2010	000601673	4	INS00005066
2010	000601673	4	INS00006572
2010	000601673	4	INS00006888
2010	000601673	4	INS00488908
2010	000602803	3	INS00002416
2010	000602803	3	INS00005984
2010	000602803	3	INS00114101
2010	000604281	2	INS00002415
2010	000604281	2	INS00006909
2010	000604595	2	INS00005067
2010	000604595	2	INS00554316
2010	000608066	1	INS00002416
2010	000608502	1	INS00119242
2010	000609500	1	INS00002427
2010	000611633	1	INS00103874
2010	000618204	1	INS00403832
2010	000623367	2	INS00005062
2010	000623367	2	INS00074018
2010	000623760	1	INS00464403
2010	000624257	6	INS00002377
2010	000624257	6	INS00002415
2010	000624257	6	INS00005625
2010	000624257	6	INS00367435
2010	000624257	6	INS00409656
2010	000624257	6	INS00593893
2010	000624373	2	INS00002491
2010	000624373	2	INS00435514
2010	000627160	1	INS00005069
2010	000645838	3	INS00006433
2010	000645838	3	INS00066270
2010	000645838	3	INS00112810
2010	000650598	3	INS00000719
2010	000650598	3	INS00005866
2010	000650598	3	INS00182991
2010	000650936	2	INS00000519
2010	000650936	2	INS00079694
2010	000651890	2	INS00001138
2010	000651890	2	INS00114097
2010	000651942	1	INS00005072
2010	000660914	2	INS00006827
2010	000660914	2	INS00456861
2010	000660988	4	INS00006576
2010	000660988	4	INS00006824
2010	000660988	4	INS00074152
2010	000660988	4	INS00456861
2010	000661751	15	INS00005062
2010	000661751	15	INS00005068
2010	000661751	15	INS00005069
2010	000661751	15	INS00005073
2010	000661751	15	INS00006265
2010	000661751	15	INS00006568
2010	000661751	15	INS00006569
2010	000661751	15	INS00006571
2010	000661751	15	INS00060768
2010	000661751	15	INS00063809
2010	000661751	15	INS00067018
2010	000661751	15	INS00079760
2010	000661751	15	INS00079839
2010	000661751	15	INS00110415
2010	000661751	15	INS00112797
2010	000664520	3	INS00002476
2010	000664520	3	INS00005866
2010	000664520	3	INS00113490
2010	000668799	1	INS00011171
2010	000671622	2	INS00002448
2010	000671622	2	INS00164731
2010	000679246	3	INS00002452
2010	000679246	3	INS00034560
2010	000679246	3	INS00368637
2010	000680111	1	INS00006909
2010	000685388	5	INS00002428
2010	000685388	5	INS00005628
2010	000685388	5	INS00005631
2010	000685388	5	INS00024746
2010	000685388	5	INS00108670
2010	000701463	1	INS00006824
2010	000702460	2	INS00006575
2010	000702460	2	INS00119242
2010	000702522	1	INS00119242
2010	000702649	1	INS00119242
2010	000704572	2	INS00002452
2010	000704572	2	INS00048263
2010	000704984	3	INS00002388
2010	000704984	3	INS00005062
2010	000704984	3	INS00572275
2010	000711970	2	INS00006909
2010	000711970	2	INS00367420
2010	000719341	5	INS00029268
2010	000719341	5	INS00111351
2010	000719341	5	INS00114954
2010	000719341	5	INS00408952
2010	000719341	5	INS00584288
2010	000719717	2	INS00006251
2010	000719717	2	INS00114380
2010	000722140	1	INS00366872
2010	000727728	3	INS00002379
2010	000727728	3	INS00026164
2010	000727728	3	INS00088241
2010	000732639	1	INS00006827
2010	000739676	2	INS00005624
2010	000739676	2	INS00494075
2010	000741253	1	INS00276901
2010	000742822	2	INS00006096
2010	000742822	2	INS00478584
2010	000744086	2	INS00006829
2010	000744086	2	INS00165487
2010	000746616	3	INS00001555
2010	000746616	3	INS00034536
2010	000746616	3	INS00079699
2010	000749135	3	INS00001105
2010	000749135	3	INS00001111
2010	000749135	3	INS00061823
2010	000751429	2	INS00005062
2010	000751429	2	INS00074018
2010	000772732	3	INS00005062
2010	000772732	3	INS00006265
2010	000772732	3	INS00103874
2010	000774110	1	INS00002474
2010	000776731	1	INS00561433
2010	000777111	6	INS00002417
2010	000777111	6	INS00002428
2010	000777111	6	INS00006086
2010	000777111	6	INS00045551
2010	000777111	6	INS00068450
2010	000777111	6	INS00108670
2010	000778656	2	INS00005062
2010	000778656	2	INS00111348
2010	000783960	4	INS00006568
2010	000783960	4	INS00006569
2010	000783960	4	INS00006571
2010	000783960	4	INS00455440
2010	000783979	1	INS00005136
2010	000794159	2	INS00006262
2010	000794159	2	INS00006909
2010	000794186	1	INS00006909
2010	000805065	6	INS00002428
2010	000805065	6	INS00005624
2010	000805065	6	INS00007982
2010	000805065	6	INS00089793
2010	000805065	6	INS00108670
2010	000805065	6	INS00494075
2010	000806142	6	INS00002384
2010	000806142	6	INS00005625
2010	000806142	6	INS00005626
2010	000806142	6	INS00073586
2010	000806142	6	INS00409656
2010	000806142	6	INS00593893
2010	000808209	1	INS00073989
2010	000813263	1	INS00005628
2010	000813890	2	INS00162033
2010	000813890	2	INS00604884
2010	000824740	2	INS00064197
2010	000824740	2	INS00165852
2010	000834450	1	INS00575524
2010	000834512	2	INS00002419
2010	000834512	2	INS00500654
2010	000835144	1	INS00138968
2010	000836670	6	INS00006568
2010	000836670	6	INS00006569
2010	000836670	6	INS00006571
2010	000836670	6	INS00006749
2010	000836670	6	INS00455440
2010	000836670	6	INS00551213
2010	000839635	2	INS00006252
2010	000839635	2	INS00170971
2010	000841787	2	INS00005071
2010	000841787	2	INS00113482
2010	000844036	1	INS00123486
2010	000848008	8	INS00002384
2010	000848008	8	INS00005625
2010	000848008	8	INS00005626
2010	000848008	8	INS00044075
2010	000848008	8	INS00073586
2010	000848008	8	INS00079678
2010	000848008	8	INS00409656
2010	000848008	8	INS00593893
2010	000850445	4	INS00002382
2010	000850445	4	INS00079689
2010	000850445	4	INS00113476
2010	000850445	4	INS00454516
2010	000851845	4	INS00002428
2010	000851845	4	INS00002481
2010	000851845	4	INS00114089
2010	000851845	4	INS00261082
2010	000851925	4	INS00006753
2010	000851925	4	INS00089226
2010	000851925	4	INS00411219
2010	000851925	4	INS00527950
2010	000851934	3	INS00079689
2010	000851934	3	INS00113476
2010	000851934	3	INS00394452
2010	000855933	7	INS00001120
2010	000855933	7	INS00006585
2010	000855933	7	INS00006824
2010	000855933	7	INS00006829
2010	000855933	7	INS00037005
2010	000855933	7	INS00040461
2010	000855933	7	INS00079875
2010	000859075	1	INS00011171
2010	000861449	2	INS00005062
2010	000861449	2	INS00074018
2010	000861654	7	INS00006573
2010	000861654	7	INS00006825
2010	000861654	7	INS00006827
2010	000861654	7	INS00102942
2010	000861654	7	INS00115216
2010	000861654	7	INS00138558
2010	000861654	7	INS00555854
2010	000863434	2	INS00001742
2010	000863434	2	INS00002407
2010	000868978	2	INS00002486
2010	000868978	2	INS00165852
2010	000870250	4	INS00002440
2010	000870250	4	INS00002460
2010	000870250	4	INS00006197
2010	000870250	4	INS00063235
2010	000870330	2	INS00006825
2010	000870330	2	INS00006827
2010	000870359	2	INS00006824
2010	000870359	2	INS00074152
2010	000871015	1	INS00002407
2010	000872756	2	INS00001120
2010	000872756	2	INS00085202
2010	000872827	1	INS00539755
2010	000873969	6	INS00006433
2010	000873969	6	INS00034523
2010	000873969	6	INS00083226
2010	000873969	6	INS00112810
2010	000873969	6	INS00172228
2010	000873969	6	INS00345084
2010	000885182	1	INS00566663
2010	000885280	4	INS00002476
2010	000885280	4	INS00002481
2010	000885280	4	INS00113490
2010	000885280	4	INS00114089
2010	000894682	2	INS00006251
2010	000894682	2	INS00114380
2010	000894842	5	INS00005068
2010	000894842	5	INS00005069
2010	000894842	5	INS00005073
2010	000894842	5	INS00053164
2010	000894842	5	INS00563261
2010	000904359	4	INS00005858
2010	000904359	4	INS00079709
2010	000904359	4	INS00276812
2010	000904359	4	INS00493527
2010	000907996	1	INS00002448
2010	000913053	5	INS00002413
2010	000913053	5	INS00005134
2010	000913053	5	INS00034576
2010	000913053	5	INS00114723
2010	000913053	5	INS00260632
2010	000915352	1	INS00109886
2010	000920568	1	INS00160406
2010	000925537	3	INS00006253
2010	000925537	3	INS00367439
2010	000925537	3	INS00495779
2010	000929509	2	INS00002454
2010	000929509	2	INS00366689
2010	000930902	6	INS00005069
2010	000930902	6	INS00006025
2010	000930902	6	INS00006251
2010	000930902	6	INS00006252
2010	000930902	6	INS00006254
2010	000930902	6	INS00483050
2010	000930949	2	INS00005067
2010	000930949	2	INS00132209
2010	000939096	1	INS00456861
2010	000939659	2	INS00002428
2010	000939659	2	INS00108670
2010	000941791	3	INS00002439
2010	000941791	3	INS00108668
2010	000941791	3	INS00412158
2010	000943114	2	INS00002578
2010	000943114	2	INS00179798
2010	000946205	2	INS00540334
2010	000946205	2	INS00540336
2010	000946813	3	INS00001140
2010	000946813	3	INS00049856
2010	000946813	3	INS00089843
2010	000949047	1	INS00108670
2010	000949056	1	INS00002416
2010	000951279	1	INS00002436
2010	000951760	1	INS00006911
2010	000952570	1	INS00451695
2010	000955250	2	INS00002448
2010	000955250	2	INS00002475
2010	000955984	2	INS00011167
2010	000955984	2	INS00074161
2010	000957497	2	INS00001742
2010	000957497	2	INS00002407
2010	000957844	1	INS00005628
2010	000958888	2	INS00005071
2010	000958888	2	INS00113482
2010	000958912	1	INS00011169
2010	000959348	3	INS00002444
2010	000959348	3	INS00074159
2010	000959348	3	INS00464541
2010	000959428	4	INS00006573
2010	000959428	4	INS00006580
2010	000959428	4	INS00114758
2010	000959428	4	INS00555358
2010	000961874	1	INS00002404
2010	000963654	2	INS00001600
2010	000963654	2	INS00137908
2010	000965416	2	INS00002439
2010	000965416	2	INS00138283
2010	000965505	1	INS00074117
2010	000965597	4	INS00006582
2010	000965597	4	INS00113480
2010	000965597	4	INS00457152
2010	000965597	4	INS00584345
2010	000965748	3	INS00079689
2010	000965748	3	INS00113476
2010	000965748	3	INS00394452
2010	000966594	3	INS00006086
2010	000966594	3	INS00108691
2010	000966594	3	INS00516532
2010	000968641	2	INS00005062
2010	000968641	2	INS00074018
2010	000970434	5	INS00002385
2010	000970434	5	INS00002491
2010	000970434	5	INS00037758
2010	000970434	5	INS00068290
2010	000970434	5	INS00273336
2010	000971914	2	INS00002454
2010	000971914	2	INS00006828
2010	000972798	3	INS00005066
2010	000972798	3	INS00005071
2010	000972798	3	INS00113482
2010	000974059	5	INS00002416
2010	000974059	5	INS00002452
2010	000974059	5	INS00005984
2010	000974059	5	INS00114101
2010	000974059	5	INS00116137
2010	000974095	2	INS00006262
2010	000974095	2	INS00182847
2010	000978880	2	INS00074117
2010	000978880	2	INS00403832
2010	000983030	1	INS00002457
2010	000983764	4	INS00006568
2010	000983764	4	INS00006569
2010	000983764	4	INS00006571
2010	000983764	4	INS00492035
2010	000990624	2	INS00367438
2010	000990624	2	INS00485881
2010	000990670	1	INS00089843
2010	000991523	3	INS00366667
2010	000991523	3	INS00367439
2010	000991523	3	INS00498199
2010	000991891	1	INS00119242
2010	000993009	2	INS00005066
2010	000993009	2	INS00006570
2010	000998300	1	INS00074018
2010	001000337	3	INS00002397
2010	001000337	3	INS00002490
2010	001000337	3	INS00157328
2010	001001728	1	INS00005628
2010	001006401	1	INS00002448
2010	001006804	5	INS00006746
2010	001006804	5	INS00006847
2010	001006804	5	INS00034467
2010	001006804	5	INS00037260
2010	001006804	5	INS00110573
2010	001006949	1	INS00119242
2010	001007294	1	INS00106163
2010	001007919	2	INS00002428
2010	001007919	2	INS00108670
2010	001008228	2	INS00001105
2010	001008228	2	INS00061823
2010	001008255	4	INS00001599
2010	001008255	4	INS00001601
2010	001008255	4	INS00001602
2010	001008255	4	INS00073420
2010	001008578	1	INS00119242
2010	001008587	3	INS00002397
2010	001008587	3	INS00005305
2010	001008587	3	INS00458208
2010	001009619	5	INS00006568
2010	001009619	5	INS00006569
2010	001009619	5	INS00006571
2010	001009619	5	INS00455440
2010	001009619	5	INS00492035
2010	001009762	3	INS00081600
2010	001009762	3	INS00106163
2010	001009762	3	INS00106164
2010	001011751	3	INS00002440
2010	001011751	3	INS00484759
2010	001011751	3	INS00584448
2010	001012786	1	INS00074083
2010	001014931	1	INS00011171
2010	001015509	2	INS00006086
2010	001015509	2	INS00108691
2010	001015607	5	INS00002371
2010	001015607	5	INS00034527
2010	001015607	5	INS00035082
2010	001015607	5	INS00112770
2010	001015607	5	INS00595342
2010	001017020	2	INS00011166
2010	001017020	2	INS00265988
2010	001017666	2	INS00006262
2010	001017666	2	INS00006909
2010	001019858	7	INS00002486
2010	001019858	7	INS00006827
2010	001019858	7	INS00034564
2010	001019858	7	INS00079744
2010	001019858	7	INS00109893
2010	001019858	7	INS00114096
2010	001019858	7	INS00167449
2010	001020714	3	INS00002416
2010	001020714	3	INS00002452
2010	001020714	3	INS00455934
2010	001028490	1	INS00123486
2010	001035904	1	INS00006253
2010	001045295	1	INS00451695
2010	001046819	3	INS00002384
2010	001046819	3	INS00079701
2010	001046819	3	INS00175926
2010	001051579	4	INS00000725
2010	001051579	4	INS00002440
2010	001051579	4	INS00113481
2010	001051579	4	INS00118991
2010	001052235	1	INS00162102
2010	001052843	1	INS00106184
2010	001053573	2	INS00001115
2010	001053573	2	INS00124008
2010	001057616	1	INS00175926
2010	001059441	2	INS00011171
2010	001059441	2	INS00455464
2010	001061996	2	INS00001569
2010	001061996	2	INS00002441
2010	001063720	2	INS00073420
2010	001063720	2	INS00366686
2010	001066769	2	INS00005062
2010	001066769	2	INS00111348
2010	001073048	3	INS00038301
2010	001073048	3	INS00172159
2010	001073048	3	INS00564858
2010	001073825	2	INS00112813
2010	001073825	2	INS00138071
2010	001073997	2	INS00024712
2010	001073997	2	INS00137578
2010	001074484	4	INS00002375
2010	001074484	4	INS00002444
2010	001074484	4	INS00114806
2010	001074484	4	INS00366665
2010	001075454	4	INS00002382
2010	001075454	4	INS00079689
2010	001075454	4	INS00113476
2010	001075454	4	INS00454516
2010	001077225	1	INS00539755
2010	001078394	2	INS00011169
2010	001078394	2	INS00011406
2010	001081980	1	INS00006909
2010	001082539	1	INS00106723
2010	001082646	2	INS00000519
2010	001082646	2	INS00105327
2010	001082780	2	INS00038273
2010	001082780	2	INS00279863
2010	001085183	1	INS00002439
2010	001085503	1	INS00002377
2010	001089010	5	INS00002416
2010	001089010	5	INS00002452
2010	001089010	5	INS00034559
2010	001089010	5	INS00034560
2010	001089010	5	INS00118681
2010	001089413	1	INS00007413
2010	001090817	2	INS00002416
2010	001090817	2	INS00002452
2010	001091841	2	INS00001111
2010	001091841	2	INS00006909
2010	001091986	2	INS00005063
2010	001091986	2	INS00006909
2010	001094905	1	INS00106166
2010	001094914	1	INS00005865
2010	001096534	1	INS00175926
2010	001097756	2	INS00005491
2010	001097756	2	INS00123325
2010	001101302	2	INS00366681
2010	001101302	2	INS00561433
2010	001102300	3	INS00006753
2010	001102300	3	INS00006824
2010	001102300	3	INS00074152
2010	001103719	4	INS00001138
2010	001103719	4	INS00005069
2010	001103719	4	INS00114097
2010	001103719	4	INS00478671
2010	001103942	2	INS00006825
2010	001103942	2	INS00006827
2010	001104019	3	INS00001105
2010	001104019	3	INS00001111
2010	001104019	3	INS00061823
2010	001104028	2	INS00002454
2010	001104028	2	INS00375396
2010	001105025	1	INS00582739
2010	001105099	1	INS00506288
2010	001109991	2	INS00034469
2010	001109991	2	INS00079789
2010	001119129	5	INS00005861
2010	001119129	5	INS00034527
2010	001119129	5	INS00035082
2010	001119129	5	INS00112770
2010	001119129	5	INS00595342
2010	001119497	4	INS00002388
2010	001119497	4	INS00002464
2010	001119497	4	INS00006262
2010	001119497	4	INS00190594
2010	001121510	6	INS00001137
2010	001121510	6	INS00001138
2010	001121510	6	INS00005068
2010	001121510	6	INS00005073
2010	001121510	6	INS00114097
2010	001121510	6	INS00559435
2010	001121824	4	INS00006096
2010	001121824	4	INS00138088
2010	001121824	4	INS00449202
2010	001121824	4	INS00604035
2010	001122779	3	INS00006568
2010	001122779	3	INS00006749
2010	001122779	3	INS00551213
2010	001123088	4	INS00006096
2010	001123088	4	INS00006824
2010	001123088	4	INS00068142
2010	001123088	4	INS00137771
2010	001123121	1	INS00119242
2010	001124657	2	INS00079675
2010	001124657	2	INS00109880
2010	001127194	1	INS00119242
2010	001127210	2	INS00006829
2010	001127210	2	INS00165487
2010	001130538	3	INS00000519
2010	001130538	3	INS00069364
2010	001130538	3	INS00459320
2010	001131320	1	INS00485881
2010	001132194	1	INS00002479
2010	001133173	1	INS00074159
2010	001134706	1	INS00074018
2010	001135033	1	INS00403948
2010	001136540	1	INS00006909
2010	001136550	3	INS00005062
2010	001136550	3	INS00005065
2010	001136550	3	INS00006265
2010	001138394	1	INS00002468
2010	001141021	1	INS00006827
2010	001141710	1	INS00005063
2010	001145620	1	INS00106167
2010	001149039	5	INS00006568
2010	001149039	5	INS00006569
2010	001149039	5	INS00006571
2010	001149039	5	INS00006749
2010	001149039	5	INS00455440
2010	001149066	4	INS00002444
2010	001149066	4	INS00005134
2010	001149066	4	INS00059010
2010	001149066	4	INS00059498
2010	001149389	3	INS00000725
2010	001149389	3	INS00006199
2010	001149389	3	INS00113481
2010	001154324	2	INS00005305
2010	001154324	2	INS00458208
2010	001154638	2	INS00002409
2010	001154638	2	INS00453153
2010	001155170	1	INS00002384
2010	001156641	3	INS00005067
2010	001156641	3	INS00006251
2010	001156641	3	INS00114380
2010	001157602	1	INS00106164
2010	001157783	1	INS00405225
2010	001157836	1	INS00006252
2010	001158898	3	INS00002440
2010	001158898	3	INS00002460
2010	001158898	3	INS00116450
2010	001159035	4	INS00000519
2010	001159035	4	INS00001138
2010	001159035	4	INS00114097
2010	001159035	4	INS00114721
2010	001164563	1	INS00002384
2010	001164788	3	INS00005134
2010	001164788	3	INS00500189
2010	001164788	3	INS00548117
2010	001166497	1	INS00119242
2010	001167725	1	INS00002478
2010	001167743	1	INS00119242
2010	001168992	1	INS00530738
2010	001169701	2	INS00002428
2010	001169701	2	INS00261082
2010	001170319	2	INS00001555
2010	001170319	2	INS00408263
2010	001171361	5	INS00002477
2010	001171361	5	INS00034469
2010	001171361	5	INS00079789
2010	001171361	5	INS00113474
2010	001171361	5	INS00452023
2010	001175208	1	INS00002404
2010	001176994	2	INS00002479
2010	001176994	2	INS00251803
2010	001177383	2	INS00106163
2010	001177383	2	INS00403831
2010	001180781	5	INS00006573
2010	001180781	5	INS00079863
2010	001180781	5	INS00114103
2010	001180781	5	INS00168446
2010	001180781	5	INS00568480
2010	001184771	5	INS00002371
2010	001184771	5	INS00034527
2010	001184771	5	INS00035082
2010	001184771	5	INS00112770
2010	001184771	5	INS00595342
2010	001185536	1	INS00002454
2010	001185643	1	INS00172159
2010	001186257	3	INS00002439
2010	001186257	3	INS00002493
2010	001186257	3	INS00006585
2010	001188073	2	INS00006587
2010	001188073	2	INS00079853
2010	001189099	3	INS00458004
2010	001189099	3	INS00458005
2010	001189099	3	INS00601862
2010	001189277	4	INS00002428
2010	001189277	4	INS00006087
2010	001189277	4	INS00108670
2010	001189277	4	INS00601862
2010	001191300	2	INS00005066
2010	001191300	2	INS00559669
2010	001191678	1	INS00498862
2010	001194357	2	INS00011167
2010	001194357	2	INS00367439
2010	001195784	10	INS00002384
2010	001195784	10	INS00002441
2010	001195784	10	INS00005625
2010	001195784	10	INS00005626
2010	001195784	10	INS00034473
2010	001195784	10	INS00038271
2010	001195784	10	INS00044075
2010	001195784	10	INS00044180
2010	001195784	10	INS00409656
2010	001195784	10	INS00593893
2010	001197887	3	INS00005861
2010	001197887	3	INS00109889
2010	001197887	3	INS00275290
2010	001198178	2	INS00002402
2010	001198178	2	INS00493427
2010	001199003	1	INS00005628
2010	001200660	2	INS00006262
2010	001200660	2	INS00011166
2010	001200697	3	INS00079689
2010	001200697	3	INS00113476
2010	001200697	3	INS00394452
2010	001200703	4	INS00001538
2010	001200703	4	INS00068991
2010	001200703	4	INS00085929
2010	001200703	4	INS00107036
2010	001205577	1	INS00074018
2010	001205684	2	INS00002448
2010	001205684	2	INS00458146
2010	001205693	3	INS00005624
2010	001205693	3	INS00392721
2010	001205693	3	INS00494075
2010	001207642	2	INS00002448
2010	001207642	2	INS00556044
2010	001208710	3	INS00074159
2010	001208710	3	INS00106723
2010	001208710	3	INS00365704
2010	001209502	1	INS00002440
2010	001210002	1	INS00494075
2010	001211153	1	INS00119242
2010	001211860	1	INS00002440
2010	001212384	1	INS00002377
2010	001213102	1	INS00263706
2010	001213390	4	INS00006575
2010	001213390	4	INS00119242
2010	001213390	4	INS00411219
2010	001213390	4	INS00582737
2010	001213480	3	INS00006153
2010	001213480	3	INS00006827
2010	001213480	3	INS00506162
2010	001213908	2	INS00006086
2010	001213908	2	INS00104918
2010	001214084	1	INS00011169
2010	001219779	3	INS00006568
2010	001219779	3	INS00488197
2010	001219779	3	INS00551213
2010	001220457	4	INS00005134
2010	001220457	4	INS00059010
2010	001220457	4	INS00059498
2010	001220457	4	INS00494075
2010	001221810	2	INS00006909
2010	001221810	2	INS00011166
2010	001222308	1	INS00512163
2010	001222907	2	INS00001105
2010	001222907	2	INS00061823
2010	001224035	2	INS00274284
2010	001224035	2	INS00274286
2010	001224492	2	INS00044633
2010	001224492	2	INS00245998
2010	001225972	1	INS00006824
2010	001226998	4	INS00002377
2010	001226998	4	INS00005625
2010	001226998	4	INS00409656
2010	001226998	4	INS00593893
2010	001227298	4	INS00000760
2010	001227298	4	INS00000761
2010	001227298	4	INS00367630
2010	001227298	4	INS00397796
2010	001227556	3	INS00006197
2010	001227556	3	INS00193706
2010	001227556	3	INS00530738
2010	001236386	2	INS00002397
2010	001236386	2	INS00005305
2010	001239673	1	INS00119242
2010	001240683	2	INS00005062
2010	001240683	2	INS00111348
2010	001242919	1	INS00119242
2010	001243317	1	INS00002863
2010	001244332	1	INS00005860
2010	001247352	1	INS00456861
2010	001247497	1	INS00119242
2010	001247648	3	INS00002452
2010	001247648	3	INS00005914
2010	001247648	3	INS00114549
2010	001249123	2	INS00002460
2010	001249123	2	INS00116450
2010	001249900	2	INS00074117
2010	001249900	2	INS00366681
2010	001251936	2	INS00000519
2010	001251936	2	INS00367439
2010	001251981	1	INS00002439
2010	001254517	6	INS00002443
2010	001254517	6	INS00006825
2010	001254517	6	INS00006827
2010	001254517	6	INS00034513
2010	001254517	6	INS00068229
2010	001254517	6	INS00138068
2010	001257170	4	INS00001136
2010	001257170	4	INS00005628
2010	001257170	4	INS00535900
2010	001257170	4	INS00564511
2010	001258893	1	INS00119242
2010	001260167	3	INS00005628
2010	001260167	3	INS00005631
2010	001260167	3	INS00087016
2010	001262134	1	INS00001600
2010	001264120	2	INS00005062
2010	001264120	2	INS00074018
2010	001265790	4	INS00006568
2010	001265790	4	INS00006569
2010	001265790	4	INS00006571
2010	001265790	4	INS00565045
2010	001265996	2	INS00001105
2010	001265996	2	INS00061823
2010	001269609	2	INS00002419
2010	001269609	2	INS00556808
2010	001272257	1	INS00001294
2010	001273325	1	INS00002448
2010	001276980	5	INS00002439
2010	001276980	5	INS00002493
2010	001276980	5	INS00050625
2010	001276980	5	INS00108668
2010	001276980	5	INS00436710
2010	001278054	1	INS00005866
2010	001279561	3	INS00005068
2010	001279561	3	INS00005073
2010	001279561	3	INS00006909
2010	001279570	4	INS00079795
2010	001279570	4	INS00123486
2010	001279570	4	INS00366641
2010	001279570	4	INS00366661
2010	001280301	1	INS00002371
2010	001282665	1	INS00005865
2010	001282950	2	INS00002493
2010	001282950	2	INS00119242
2010	001290175	3	INS00002419
2010	001290175	3	INS00106723
2010	001290175	3	INS00500654
2010	001291397	1	INS00119242
2010	001292975	1	INS00106164
2010	001294700	2	INS00002407
2010	001294700	2	INS00059498
2010	001294764	2	INS00006829
2010	001294764	2	INS00464408
2010	001296286	4	INS00006568
2010	001296286	4	INS00006569
2010	001296286	4	INS00006571
2010	001296286	4	INS00112797
2010	001298084	1	INS00002448
2010	001298226	1	INS00007413
2010	001298790	1	INS00002378
2010	001298825	1	INS00119242
2010	001301063	1	INS00002017
2010	001301401	1	INS00002439
2010	001304388	1	INS00002388
2010	001305699	1	INS00119242
2010	001306810	3	INS00001115
2010	001306810	3	INS00123486
2010	001306810	3	INS00124008
2010	001307512	3	INS00002390
2010	001307512	3	INS00002392
2010	001307512	3	INS00119242
2010	001391991	5	INS00006251
2010	001391991	5	INS00006568
2010	001391991	5	INS00006569
2010	001391991	5	INS00006571
2010	001391991	5	INS00492035
2010	001393332	1	INS00564505
2010	001398150	1	INS00002490
2010	001398357	1	INS00006572
2010	001399292	1	INS00123486
2010	001399407	1	INS00006824
2010	001405710	4	INS00029674
2010	001405710	4	INS00366648
2010	001405710	4	INS00366650
2010	001405710	4	INS00398386
2010	001408570	1	INS00403832
2010	001412803	1	INS00582737
2010	001417864	1	INS00365703
2010	001418093	1	INS00005136
2010	001419205	2	INS00006202
2010	001419205	2	INS00114100
2010	001421188	4	INS00001555
2010	001421188	4	INS00002379
2010	001421188	4	INS00006581
2010	001421188	4	INS00103553
2010	001424125	2	INS00000519
2010	001424125	2	INS00405225
2010	001424448	6	INS00006568
2010	001424448	6	INS00006569
2010	001424448	6	INS00006571
2010	001424448	6	INS00412074
2010	001424448	6	INS00492034
2010	001424448	6	INS00551213
2010	001424635	2	INS00006825
2010	001424635	2	INS00006827
2010	001427341	1	INS00160406
2010	001427520	1	INS00119242
2010	001427726	2	INS00002440
2010	001427726	2	INS00446391
2010	001428474	1	INS00578384
2010	001432299	2	INS00119242
2010	001432299	2	INS00458140
2010	001432673	1	INS00119242
2010	001432744	3	INS00002487
2010	001432744	3	INS00112769
2010	001432744	3	INS00113491
2010	001436251	1	INS00276901
2010	001436387	2	INS00106165
2010	001436387	2	INS00366667
2010	001438200	3	INS00005068
2010	001438200	3	INS00005073
2010	001438200	3	INS00006909
2010	001440521	1	INS00458146
2010	001441153	1	INS00454169
2010	001441242	1	INS00506288
2010	001451919	1	INS00074083
2010	001451964	1	INS00160406
2010	001453440	1	INS00114749
2010	001455284	1	INS00528541
2010	001456970	4	INS00001538
2010	001456970	4	INS00085929
2010	001456970	4	INS00365703
2010	001456970	4	INS00398313
2010	001459597	6	INS00002428
2010	001459597	6	INS00005628
2010	001459597	6	INS00005631
2010	001459597	6	INS00007982
2010	001459597	6	INS00395446
2010	001459597	6	INS00557332
2010	001459659	4	INS00002397
2010	001459659	4	INS00005305
2010	001459659	4	INS00345266
2010	001459659	4	INS00458208
2010	001462224	1	INS00006198
2010	001462494	1	INS00403832
2010	001462565	1	INS00564511
2010	001463320	2	INS00079869
2010	001463320	2	INS00367438
2010	001464336	2	INS00042299
2010	001464336	2	INS00079789
2010	001465333	4	INS00006847
2010	001465333	4	INS00108696
2010	001465333	4	INS00110573
2010	001465333	4	INS00452709
2010	001467178	4	INS00001555
2010	001467178	4	INS00006581
2010	001467178	4	INS00010659
2010	001467178	4	INS00112802
2010	001467276	1	INS00005861
2010	001467365	1	INS00002388
2010	001473219	2	INS00079863
2010	001473219	2	INS00582737
2010	001473228	2	INS00119242
2010	001473228	2	INS00582739
2010	001473863	2	INS00002396
2010	001473863	2	INS00037735
2010	001473943	2	INS00002407
2010	001473943	2	INS00452118
2010	001475830	3	INS00005071
2010	001475830	3	INS00113482
2010	001475830	3	INS00114759
2010	001478458	1	INS00119242
2010	001478823	4	INS00002416
2010	001478823	4	INS00002452
2010	001478823	4	INS00116137
2010	001478823	4	INS00455934
2010	001482049	2	INS00002477
2010	001482049	2	INS00452023
2010	001485185	1	INS00006827
2010	001486629	7	INS00001599
2010	001486629	7	INS00001600
2010	001486629	7	INS00001601
2010	001486629	7	INS00001602
2010	001486629	7	INS00060864
2010	001486629	7	INS00073420
2010	001486629	7	INS00506288
2010	001488919	1	INS00011171
2010	001489291	1	INS00165852
2010	001490265	3	INS00002415
2010	001490265	3	INS00112765
2010	001490265	3	INS00367435
2010	001490354	3	INS00001555
2010	001490354	3	INS00006581
2010	001490354	3	INS00103553
2010	001490800	2	INS00002415
2010	001490800	2	INS00367435
2010	001491084	4	INS00006202
2010	001491084	4	INS00037027
2010	001491084	4	INS00068767
2010	001491084	4	INS00114100
2010	001492789	1	INS00006153
2010	001492798	3	INS00002448
2010	001492798	3	INS00006642
2010	001492798	3	INS00119242
2010	001494353	2	INS00002487
2010	001494353	2	INS00113491
2010	001498595	2	INS00366684
2010	001498595	2	INS00366904
2010	001500497	1	INS00165852
2010	001500586	1	INS00011166
2010	001501313	2	INS00002447
2010	001501313	2	INS00061708
2010	001506561	2	INS00006433
2010	001506561	2	INS00112810
2010	001512999	2	INS00006847
2010	001512999	2	INS00110573
2010	001513913	4	INS00002578
2010	001513913	4	INS00112749
2010	001513913	4	INS00366872
2010	001513913	4	INS00575957
2010	001517609	4	INS00006828
2010	001517609	4	INS00026186
2010	001517609	4	INS00038316
2010	001517609	4	INS00457723
2010	001517903	2	INS00005624
2010	001517903	2	INS00494075
2010	001518221	1	INS00011166
2010	001518992	2	INS00059010
2010	001518992	2	INS00059498
2010	001519096	2	INS00001602
2010	001519096	2	INS00006253
2010	001523929	4	INS00001599
2010	001523929	4	INS00001601
2010	001523929	4	INS00001602
2010	001523929	4	INS00137992
2010	001524828	1	INS00119242
2010	001528003	2	INS00005062
2010	001528003	2	INS00111348
2010	001528200	2	INS00000966
2010	001528200	2	INS00002396
2010	001528694	1	INS00005861
2010	001529655	4	INS00006568
2010	001529655	4	INS00006569
2010	001529655	4	INS00006571
2010	001529655	4	INS00455440
2010	001529673	1	INS00106163
2010	001529780	2	INS00011406
2010	001529780	2	INS00367439
2010	001529833	3	INS00005625
2010	001529833	3	INS00409656
2010	001529833	3	INS00593893
2010	001535830	1	INS00006827
2010	001541954	2	INS00005066
2010	001541954	2	INS00006909
2010	001542085	1	INS00005068
2010	001542610	3	INS00002412
2010	001542610	3	INS00114763
2010	001542610	3	INS00114805
2010	001557730	3	INS00002244
2010	001557730	3	INS00005476
2010	001557730	3	INS00366904
2010	001560163	1	INS00001600
2010	001560600	2	INS00005624
2010	001560600	2	INS00494075
2010	001563110	1	INS00106164
2010	001564369	2	INS00006573
2010	001564369	2	INS00132583
2010	001567333	1	INS00001111
2010	001569122	3	INS00006218
2010	001569122	3	INS00006220
2010	001569122	3	INS00105728
2010	001569294	2	INS00001138
2010	001569294	2	INS00114097
2010	001570769	1	INS00003161
2010	001571971	1	INS00011166
2010	001572880	1	INS00165487
2010	001578140	2	INS00006575
2010	001578140	2	INS00119242
2010	001579263	4	INS00002417
2010	001579263	4	INS00006086
2010	001579263	4	INS00104918
2010	001579263	4	INS00494075
2010	001579970	4	INS00002473
2010	001579970	4	INS00002485
2010	001579970	4	INS00038300
2010	001579970	4	INS00107789
2010	001585467	5	INS00002379
2010	001585467	5	INS00002402
2010	001585467	5	INS00173177
2010	001585467	5	INS00452025
2010	001585467	5	INS00493427
2010	001587784	2	INS00006025
2010	001587784	2	INS00006251
2010	001590396	3	INS00002487
2010	001590396	3	INS00113491
2010	001590396	3	INS00440269
2010	001592274	5	INS00002407
2010	001592274	5	INS00040533
2010	001592274	5	INS00112807
2010	001592274	5	INS00138263
2010	001592274	5	INS00157699
2010	001592407	1	INS00365703
2010	001595427	1	INS00005866
2010	001595679	2	INS00001600
2010	001595679	2	INS00006262
2010	001596999	2	INS00106163
2010	001596999	2	INS00403831
2010	001597539	1	INS00119242
2010	001599005	1	INS00108670
2010	001599355	3	INS00006197
2010	001599355	3	INS00088156
2010	001599355	3	INS00107941
2010	001599598	1	INS00006824
2010	001599604	5	INS00005068
2010	001599604	5	INS00006252
2010	001599604	5	INS00006254
2010	001599604	5	INS00034509
2010	001599604	5	INS00085116
2010	001600760	4	INS00001555
2010	001600760	4	INS00109981
2010	001600760	4	INS00112803
2010	001600760	4	INS00137997
2010	001603654	2	INS00001105
2010	001603654	2	INS00001599
2010	001603888	4	INS00006153
2010	001603888	4	INS00112828
2010	001603888	4	INS00114091
2010	001603888	4	INS00486965
2010	001607484	1	INS00601862
2010	001608777	2	INS00106167
2010	001608777	2	INS00366645
2010	001608848	1	INS00119242
2010	001609371	3	INS00000519
2010	001609371	3	INS00001137
2010	001609371	3	INS00057305
2010	001609620	2	INS00002409
2010	001609620	2	INS00501853
2010	001611594	3	INS00006573
2010	001611594	3	INS00006824
2010	001611594	3	INS00119242
2010	001613300	4	INS00002440
2010	001613300	4	INS00006197
2010	001613300	4	INS00088156
2010	001613300	4	INS00383569
2010	001613338	7	INS00006433
2010	001613338	7	INS00112810
2010	001613338	7	INS00163297
2010	001613338	7	INS00455792
2010	001613338	7	INS00458004
2010	001613338	7	INS00458005
2010	001613338	7	INS00601862
2010	001614540	5	INS00111351
2010	001614540	5	INS00260952
2010	001614540	5	INS00408952
2010	001614540	5	INS00572099
2010	001614540	5	INS00595342
2010	001621053	2	INS00002452
2010	001621053	2	INS00276958
2010	001623684	1	INS00005072
2010	001624752	2	INS00006573
2010	001624752	2	INS00132583
2010	001625240	2	INS00119242
2010	001625240	2	INS00411219
2010	001626612	3	INS00006197
2010	001626612	3	INS00088156
2010	001626612	3	INS00107941
2010	001628949	2	INS00006251
2010	001628949	2	INS00006909
2010	001630473	1	INS00175926
2010	001631345	3	INS00002107
2010	001631345	3	INS00002404
2010	001631345	3	INS00108677
2010	001633760	5	INS00006568
2010	001633760	5	INS00006569
2010	001633760	5	INS00006571
2010	001633760	5	INS00110415
2010	001633760	5	INS00605996
2010	001634900	3	INS00002382
2010	001634900	3	INS00079689
2010	001634900	3	INS00136569
2010	001638159	2	INS00000525
2010	001638159	2	INS00002107
2010	001639263	4	INS00006086
2010	001639263	4	INS00034503
2010	001639263	4	INS00079857
2010	001639263	4	INS00104917
2010	001643570	2	INS00006262
2010	001643570	2	INS00006909
2010	001644129	2	INS00005062
2010	001644129	2	INS00111348
2010	001644307	1	INS00011166
2010	001647917	4	INS00079880
2010	001647917	4	INS00119242
2010	001647917	4	INS00154738
2010	001647917	4	INS00598026
2010	001648057	1	INS00107130
2010	001649170	3	INS00006218
2010	001649170	3	INS00006220
2010	001649170	3	INS00110413
2010	001650583	1	INS00041038
2010	001651105	3	INS00005628
2010	001651105	3	INS00494075
2010	001651105	3	INS00544271
2010	001651698	3	INS00002440
2010	001651698	3	INS00002460
2010	001651698	3	INS00116450
2010	001653253	6	INS00006568
2010	001653253	6	INS00006569
2010	001653253	6	INS00006571
2010	001653253	6	INS00110415
2010	001653253	6	INS00112797
2010	001653253	6	INS00555929
2010	001654009	1	INS00119242
2010	001655697	1	INS00123486
2010	001656489	3	INS00002481
2010	001656489	3	INS00114089
2010	001656489	3	INS00497563
2010	001656700	1	INS00456861
2010	001657190	1	INS00123486
2010	001657593	3	INS00001138
2010	001657593	3	INS00005069
2010	001657593	3	INS00114097
2010	001659079	1	INS00002384
2010	001660113	3	INS00002448
2010	001660113	3	INS00064440
2010	001660113	3	INS00079888
2010	001660436	5	INS00002388
2010	001660436	5	INS00038284
2010	001660436	5	INS00079835
2010	001660436	5	INS00079839
2010	001660436	5	INS00500678
2010	001662468	2	INS00005069
2010	001662468	2	INS00006254
2010	001662566	2	INS00111351
2010	001662566	2	INS00408952
2010	001663803	1	INS00527946
2010	001666190	4	INS00002448
2010	001666190	4	INS00114949
2010	001666190	4	INS00119242
2010	001666190	4	INS00127537
2010	001667310	1	INS00172159
2010	001668130	1	INS00002479
2010	001671627	1	INS00006568
2010	001672428	1	INS00119242
2010	001672830	1	INS00506288
2010	001672900	5	INS00006568
2010	001672900	5	INS00006569
2010	001672900	5	INS00006571
2010	001672900	5	INS00455440
2010	001672900	5	INS00551213
2010	001673588	3	INS00002407
2010	001673588	3	INS00005134
2010	001673588	3	INS00159719
2010	001682120	2	INS00005062
2010	001682120	2	INS00006265
2010	001687369	1	INS00106164
2010	001687968	1	INS00002432
2010	001690551	3	INS00002491
2010	001690551	3	INS00269164
2010	001690551	3	INS00459690
2010	001690785	2	INS00485881
2010	001690785	2	INS00506162
2010	001691700	1	INS00073420
2010	001694579	1	INS00119242
2010	001696143	2	INS00034560
2010	001696143	2	INS00527942
2010	001698344	2	INS00002384
2010	001698344	2	INS00126521
2010	001699557	1	INS00500678
2010	001701735	1	INS00001111
2010	001701922	1	INS00494075
2010	001703284	6	INS00001264
2010	001703284	6	INS00006568
2010	001703284	6	INS00006569
2010	001703284	6	INS00006571
2010	001703284	6	INS00492035
2010	001703284	6	INS00551213
2010	001708137	6	INS00006568
2010	001708137	6	INS00006569
2010	001708137	6	INS00006571
2010	001708137	6	INS00110415
2010	001708137	6	INS00112797
2010	001708137	6	INS00492113
2010	001708271	4	INS00001137
2010	001708271	4	INS00034541
2010	001708271	4	INS00253245
2010	001708271	4	INS00456986
2010	001709170	3	INS00002397
2010	001709170	3	INS00002444
2010	001709170	3	INS00005305
2010	001709911	3	INS00005068
2010	001709911	3	INS00005069
2010	001709911	3	INS00005073
2010	001711320	2	INS00160406
2010	001711320	2	INS00548294
2010	001713360	2	INS00006096
2010	001713360	2	INS00478584
2010	001715599	4	INS00005062
2010	001715599	4	INS00005069
2010	001715599	4	INS00006265
2010	001715599	4	INS00025489
2010	001717280	1	INS00005066
2010	001717323	2	INS00000519
2010	001717323	2	INS00105327
2010	001717940	1	INS00002468
2010	001722495	1	INS00165852
2010	001724417	3	INS00002412
2010	001724417	3	INS00002444
2010	001724417	3	INS00114805
2010	001725049	2	INS00002441
2010	001725049	2	INS00005861
2010	001725405	5	INS00002428
2010	001725405	5	INS00005628
2010	001725405	5	INS00005631
2010	001725405	5	INS00005858
2010	001725405	5	INS00508997
2010	001729075	2	INS00006909
2010	001729075	2	INS00074083
2010	001729084	2	INS00005067
2010	001729084	2	INS00168861
2010	001733096	3	INS00002385
2010	001733096	3	INS00172159
2010	001733096	3	INS00366643
2010	001735582	1	INS00119242
2010	001735635	1	INS00122058
2010	001736580	4	INS00006568
2010	001736580	4	INS00006569
2010	001736580	4	INS00006571
2010	001736580	4	INS00455440
2010	001737756	2	INS00006086
2010	001737756	2	INS00105000
2010	001739438	2	INS00006587
2010	001739438	2	INS00020212
2010	001745079	2	INS00006086
2010	001745079	2	INS00104995
2010	001745471	1	INS00002491
2010	001747028	5	INS00006197
2010	001747028	5	INS00006201
2010	001747028	5	INS00011166
2010	001747028	5	INS00037039
2010	001747028	5	INS00114088
2010	001749381	3	INS00000519
2010	001749381	3	INS00056936
2010	001749381	3	INS00169157
2010	001751782	1	INS00403832
2010	001752091	2	INS00005065
2010	001752091	2	INS00118960
2010	001752402	3	INS00005134
2010	001752402	3	INS00029674
2010	001752402	3	INS00042377
2010	001753482	1	INS00001600
2010	001753910	1	INS00500678
2010	001753965	6	INS00006568
2010	001753965	6	INS00006569
2010	001753965	6	INS00006571
2010	001753965	6	INS00412074
2010	001753965	6	INS00492034
2010	001753965	6	INS00551213
2010	001754130	4	INS00006573
2010	001754130	4	INS00006575
2010	001754130	4	INS00079863
2010	001754130	4	INS00403853
2010	001754757	1	INS00006749
2010	001755315	2	INS00006575
2010	001755315	2	INS00006824
2010	001755638	1	INS00006153
2010	001755727	2	INS00002379
2010	001755727	2	INS00002402
2010	001755790	1	INS00006262
2010	001756798	2	INS00006827
2010	001756798	2	INS00119242
2010	001757463	1	INS00002457
2010	001757768	1	INS00001111
2010	001758040	1	INS00038269
2010	001758738	3	INS00006575
2010	001758738	3	INS00365886
2010	001758738	3	INS00411219
2010	001758980	1	INS00506288
2010	001759987	4	INS00002440
2010	001759987	4	INS00006197
2010	001759987	4	INS00006199
2010	001759987	4	INS00166897
2010	001760271	1	INS00074117
2010	001761143	2	INS00002459
2010	001761143	2	INS00005305
2010	001761152	1	INS00106164
2010	001766426	3	INS00002417
2010	001766426	3	INS00006086
2010	001766426	3	INS00104980
2010	001766435	3	INS00001105
2010	001766435	3	INS00006253
2010	001766435	3	INS00061823
2010	001766589	2	INS00006827
2010	001766589	2	INS00165852
2010	001766604	1	INS00119242
2010	001766640	5	INS00006575
2010	001766640	5	INS00114103
2010	001766640	5	INS00119242
2010	001766640	5	INS00365886
2010	001766640	5	INS00584520
2010	001770788	1	INS00119242
2010	001770984	1	INS00367438
2010	001774348	2	INS00002388
2010	001774348	2	INS00281100
2010	001780247	2	INS00454407
2010	001780247	2	INS00500080
2010	001780292	1	INS00005628
2010	001781932	2	INS00006262
2010	001781932	2	INS00006909
2010	001782920	1	INS00006909
2010	001784282	3	INS00034523
2010	001784282	3	INS00083226
2010	001784282	3	INS00366902
2010	001785314	4	INS00006568
2010	001785314	4	INS00006569
2010	001785314	4	INS00006571
2010	001785314	4	INS00492035
2010	001786699	1	INS00001111
2010	001787195	2	INS00074161
2010	001787195	2	INS00467934
2010	001788675	4	INS00006575
2010	001788675	4	INS00034514
2010	001788675	4	INS00125374
2010	001788675	4	INS00543200
2010	001790190	2	INS00002448
2010	001790190	2	INS00127537
2010	001791438	1	INS00002473
2010	001791895	3	INS00002379
2010	001791895	3	INS00119242
2010	001791895	3	INS00408952
2010	001792159	2	INS00011171
2010	001792159	2	INS00455464
2010	001792800	1	INS00456861
2010	001796416	2	INS00006086
2010	001796416	2	INS00104995
2010	001797950	2	INS00458002
2010	001797950	2	INS00601862
2010	001799614	1	INS00002473
2010	001801543	1	INS00002452
2010	001801839	5	INS00006086
2010	001801839	5	INS00034503
2010	001801839	5	INS00079857
2010	001801839	5	INS00104920
2010	001801839	5	INS00115290
2010	001802596	1	INS00119242
2010	001802872	3	INS00000519
2010	001802872	3	INS00006264
2010	001802872	3	INS00023110
2010	001804302	1	INS00005071
2010	001804821	3	INS00006847
2010	001804821	3	INS00110573
2010	001804821	3	INS00113108
2010	001808778	2	INS00005062
2010	001808778	2	INS00074018
2010	001810918	1	INS00002384
2010	001813132	1	INS00564505
2010	001814873	3	INS00000719
2010	001814873	3	INS00002412
2010	001814873	3	INS00114805
2010	001814971	2	INS00000519
2010	001814971	2	INS00105327
2010	001815333	3	INS00005063
2010	001815333	3	INS00005066
2010	001815333	3	INS00123712
2010	001815370	1	INS00578536
2010	001817294	1	INS00002448
2010	001817418	1	INS00485881
2010	001818522	7	INS00001140
2010	001818522	7	INS00006433
2010	001818522	7	INS00034523
2010	001818522	7	INS00112810
2010	001818522	7	INS00395377
2010	001818522	7	INS00401691
2010	001818522	7	INS00553223
2010	001818700	2	INS00002378
2010	001818700	2	INS00265988
2010	001827915	1	INS00073981
2010	001830053	3	INS00001600
2010	001830053	3	INS00005955
2010	001830053	3	INS00006717
2010	001833912	1	INS00119242
2010	001836754	1	INS00595342
2010	001839433	2	INS00006573
2010	001839433	2	INS00454553
2010	001844291	1	INS00119242
2010	001844578	2	INS00011135
2010	001844578	2	INS00172789
2010	001846760	1	INS00002384
2010	001847041	1	INS00119242
2010	001847640	3	INS00006086
2010	001847640	3	INS00104918
2010	001847640	3	INS00458348
2010	001848307	3	INS00005069
2010	001848307	3	INS00006253
2010	001848307	3	INS00606001
2010	001853245	4	INS00006568
2010	001853245	4	INS00006569
2010	001853245	4	INS00006571
2010	001853245	4	INS00455440
2010	001853998	2	INS00002439
2010	001853998	2	INS00002493
2010	001855179	1	INS00002478
2010	001856096	5	INS00002372
2010	001856096	5	INS00002402
2010	001856096	5	INS00114971
2010	001856096	5	INS00166301
2010	001856096	5	INS00493427
2010	001857520	1	INS00512163
2010	001857988	1	INS00162102
2010	001858018	2	INS00002428
2010	001858018	2	INS00108670
2010	001858537	2	INS00001292
2010	001858537	2	INS00005062
2010	001858760	4	INS00005062
2010	001858760	4	INS00006909
2010	001858760	4	INS00111348
2010	001858760	4	INS00564505
2010	001859580	3	INS00006218
2010	001859580	3	INS00006220
2010	001859580	3	INS00105728
2010	001860016	1	INS00006086
2010	001860179	1	INS00119242
2010	001860197	3	INS00001600
2010	001860197	3	INS00005072
2010	001860197	3	INS00526946
2010	001861873	11	INS00002481
2010	001861873	11	INS00005625
2010	001861873	11	INS00005626
2010	001861873	11	INS00034468
2010	001861873	11	INS00038290
2010	001861873	11	INS00079788
2010	001861873	11	INS00087103
2010	001861873	11	INS00087291
2010	001861873	11	INS00114089
2010	001861873	11	INS00409656
2010	001861873	11	INS00593893
2010	001863831	1	INS00119242
2010	001864365	2	INS00005066
2010	001864365	2	INS00006888
2010	001864525	3	INS00002397
2010	001864525	3	INS00005305
2010	001864525	3	INS00458208
2010	001865863	2	INS00006568
2010	001865863	2	INS00551213
2010	001866744	1	INS00119242
2010	001866815	2	INS00002371
2010	001866815	2	INS00272821
2010	001866913	3	INS00002457
2010	001866913	3	INS00366667
2010	001866913	3	INS00467934
2010	001869192	1	INS00074044
2010	001871341	3	INS00006569
2010	001871341	3	INS00006749
2010	001871341	3	INS00455440
2010	001873210	2	INS00006909
2010	001873210	2	INS00506288
2010	001873758	2	INS00002491
2010	001873758	2	INS00112780
2010	001874245	1	INS00006909
2010	001874399	2	INS00160406
2010	001874399	2	INS00488197
2010	001876061	6	INS00001105
2010	001876061	6	INS00001111
2010	001876061	6	INS00001599
2010	001876061	6	INS00001600
2010	001876061	6	INS00001602
2010	001876061	6	INS00079723
2010	001877579	1	INS00106184
2010	001879967	1	INS00005861
2010	001880921	3	INS00006086
2010	001880921	3	INS00366650
2010	001880921	3	INS00458348
2010	001882078	2	INS00006909
2010	001882078	2	INS00578384
2010	001882470	3	INS00006197
2010	001882470	3	INS00088156
2010	001882470	3	INS00107941
2010	001883469	2	INS00005062
2010	001883469	2	INS00111348
2010	001884054	1	INS00136243
2010	001884303	1	INS00104980
2010	001884662	1	INS00123486
2010	001886308	1	INS00107130
2010	001887931	1	INS00506288
2010	001890033	3	INS00002447
2010	001890033	3	INS00061708
2010	001890033	3	INS00455934
2010	001891219	2	INS00268347
2010	001891219	2	INS00563196
2010	001894346	2	INS00002428
2010	001894346	2	INS00108670
2010	001896556	2	INS00005628
2010	001896556	2	INS00261082
2010	001898102	1	INS00162102
2010	001899585	7	INS00006568
2010	001899585	7	INS00006569
2010	001899585	7	INS00006570
2010	001899585	7	INS00006571
2010	001899585	7	INS00026250
2010	001899585	7	INS00110415
2010	001899585	7	INS00112797
2010	001900908	4	INS00006568
2010	001900908	4	INS00006569
2010	001900908	4	INS00006571
2010	001900908	4	INS00455440
2010	001901370	1	INS00119242
2010	001902911	2	INS00002448
2010	001902911	2	INS00127537
2010	001903660	2	INS00006086
2010	001903660	2	INS00104918
2010	001903730	3	INS00002417
2010	001903730	3	INS00006086
2010	001903730	3	INS00458348
2010	001903740	3	INS00005062
2010	001903740	3	INS00006265
2010	001903740	3	INS00074018
2010	001905824	1	INS00488197
2010	001906803	3	INS00006575
2010	001906803	3	INS00365886
2010	001906803	3	INS00584520
2010	001907041	2	INS00002402
2010	001907041	2	INS00493427
2010	001907355	2	INS00001111
2010	001907355	2	INS00366681
2010	001907408	3	INS00005068
2010	001907408	3	INS00006251
2010	001907408	3	INS00114380
2010	001907453	3	INS00003764
2010	001907453	3	INS00093303
2010	001907453	3	INS00480795
2010	001908156	1	INS00114380
2010	001910145	1	INS00119242
2010	001911231	1	INS00005062
2010	001911634	1	INS00104611
2010	001911670	4	INS00002341
2010	001911670	4	INS00002385
2010	001911670	4	INS00137801
2010	001911670	4	INS00597537
2010	001911939	2	INS00079795
2010	001911939	2	INS00123486
2010	001912041	3	INS00000760
2010	001912041	3	INS00000761
2010	001912041	3	INS00006909
2010	001914000	2	INS00006686
2010	001914000	2	INS00516782
2010	001914117	3	INS00005070
2010	001914117	3	INS00114072
2010	001914117	3	INS00566663
2010	001915956	2	INS00005068
2010	001915956	2	INS00006251
2010	001921327	1	INS00464403
2010	001921621	2	INS00119242
2010	001921621	2	INS00598027
2010	001927320	2	INS00005628
2010	001927320	2	INS00564511
2010	001927358	3	INS00005859
2010	001927358	3	INS00007400
2010	001927358	3	INS00119242
2010	001937185	1	INS00006747
2010	001940304	3	INS00006086
2010	001940304	3	INS00104918
2010	001940304	3	INS00458348
2010	001944297	2	INS00001555
2010	001944297	2	INS00002479
2010	001947225	3	INS00002448
2010	001947225	3	INS00006827
2010	001947225	3	INS00127537
2010	001947904	1	INS00002473
2010	001950285	3	INS00006086
2010	001950285	3	INS00104918
2010	001950285	3	INS00115290
2010	001952000	2	INS00006433
2010	001952000	2	INS00112810
2010	001952038	2	INS00006433
2010	001952038	2	INS00112810
2010	001952172	6	INS00006568
2010	001952172	6	INS00006569
2010	001952172	6	INS00006571
2010	001952172	6	INS00110415
2010	001952172	6	INS00112797
2010	001952172	6	INS00395708
2010	001952314	3	INS00149736
2010	001952314	3	INS00458002
2010	001952314	3	INS00601862
2010	001953877	2	INS00002440
2010	001953877	2	INS00002454
2010	001954874	1	INS00367420
2010	001955076	3	INS00002452
2010	001955076	3	INS00276958
2010	001955076	3	INS00434613
2010	001956144	4	INS00006568
2010	001956144	4	INS00006569
2010	001956144	4	INS00006571
2010	001956144	4	INS00492035
2010	001957830	2	INS00034473
2010	001957830	2	INS00494075
2010	001959718	5	INS00005134
2010	001959718	5	INS00029674
2010	001959718	5	INS00059498
2010	001959718	5	INS00086798
2010	001959718	5	INS00567036
2010	001963720	1	INS00165487
2010	001965555	1	INS00011171
2010	001970887	2	INS00006825
2010	001970887	2	INS00367438
2010	001971356	1	INS00002440
2010	001971623	1	INS00539755
2010	001972291	1	INS00002440
2010	001972317	2	INS00006433
2010	001972317	2	INS00112810
2010	007049442	2	INS00005062
2010	007049442	2	INS00006265
2010	007213727	1	INS00002439
2010	007219604	3	INS00002439
2010	007219604	3	INS00002493
2010	007219604	3	INS00168141
2010	007252547	1	INS00005136
2010	007255736	2	INS00074055
2010	007255736	2	INS00366681
2010	007338991	1	INS00006911
2010	007390300	1	INS00011169
2010	100774130	2	INS00006251
2010	100774130	2	INS00111348
2010	100814835	2	INS00002440
2010	100814835	2	INS00110940
2010	100816034	1	INS00165852
2010	100819484	1	INS00123486
2010	100819733	1	INS00005062
2010	100849429	1	INS00365703
2010	100866448	1	INS00485881
2010	100906427	3	INS00002475
2010	100906427	3	INS00006573
2010	100906427	3	INS00408952
2010	100922636	1	INS00106164
2010	100936186	2	INS00172159
2010	100936186	2	INS00492927
2010	100938350	1	INS00005628
2010	100948276	2	INS00005062
2010	100948276	2	INS00111348
2010	100958880	2	INS00005123
2010	100958880	2	INS00006909
2010	100963559	3	INS00002439
2010	100963559	3	INS00002493
2010	100963559	3	INS00108668
2010	100967600	4	INS00002417
2010	100967600	4	INS00038301
2010	100967600	4	INS00480904
2010	100967600	4	INS00564858
2010	100971390	1	INS00002377
2010	100999990	1	INS00011171
2010	101002853	1	INS00011171
2010	101007994	4	INS00002452
2010	101007994	4	INS00005984
2010	101007994	4	INS00006747
2010	101007994	4	INS00114101
2010	101012911	1	INS00002040
2010	101023488	3	INS00001555
2010	101023488	3	INS00001556
2010	101023488	3	INS00386249
2010	101032825	6	INS00002384
2010	101032825	6	INS00005625
2010	101032825	6	INS00005626
2010	101032825	6	INS00073586
2010	101032825	6	INS00409656
2010	101032825	6	INS00593893
2010	101036860	1	INS00002432
2010	101040110	2	INS00005065
2010	101040110	2	INS00118960
2010	101044460	3	INS00005064
2010	101044460	3	INS00005072
2010	101044460	3	INS00112793
2010	101055418	1	INS00119242
2010	101055820	1	INS00119242
2010	101058518	1	INS00001600
2010	101081534	1	INS00074117
2010	101089739	1	INS00366904
2010	101106016	1	INS00174384
2010	101117477	2	INS00002371
2010	101117477	2	INS00595342
2010	101119883	1	INS00006252
2010	101139840	4	INS00005984
2010	101139840	4	INS00006433
2010	101139840	4	INS00112810
2010	101139840	4	INS00114101
2010	101149971	1	INS00276901
2010	101161072	1	INS00001111
2010	101167497	1	INS00003716
2010	101195080	1	INS00044927
2010	101198232	1	INS00119242
2010	101205355	1	INS00485881
2010	101208348	2	INS00002477
2010	101208348	2	INS00452023
2010	101219243	1	INS00493427
2010	101220763	1	INS00172159
2010	101230231	1	INS00106184
2010	101235962	1	INS00564505
2010	101249144	1	INS00104920
2010	101257880	2	INS00006262
2010	101257880	2	INS00006909
2010	101291030	2	INS00005062
2010	101291030	2	INS00074018
2010	101308236	4	INS00006086
2010	101308236	4	INS00034503
2010	101308236	4	INS00079857
2010	101308236	4	INS00104920
2010	101313648	1	INS00119242
2010	101314547	1	INS00006253
2010	101317825	1	INS00002439
2010	101321686	2	INS00002460
2010	101321686	2	INS00116450
2010	101338164	1	INS00539755
2010	101352889	2	INS00005134
2010	101352889	2	INS00029674
2010	101358200	2	INS00002439
2010	101358200	2	INS00002493
2010	101359647	2	INS00002444
2010	101359647	2	INS00014915
2010	101368314	4	INS00006568
2010	101368314	4	INS00006569
2010	101368314	4	INS00006571
2010	101368314	4	INS00492035
2010	101375417	1	INS00119242
2010	101375749	4	INS00002457
2010	101375749	4	INS00005624
2010	101375749	4	INS00366667
2010	101375749	4	INS00494075
2010	101376512	1	INS00119242
2010	101379588	4	INS00006568
2010	101379588	4	INS00006569
2010	101379588	4	INS00006571
2010	101379588	4	INS00492035
2010	101394708	2	INS00005624
2010	101394708	2	INS00494075
2010	101394726	5	INS00006086
2010	101394726	5	INS00034503
2010	101394726	5	INS00079857
2010	101394726	5	INS00104920
2010	101394726	5	INS00115290
2010	101396041	2	INS00006018
2010	101396041	2	INS00455934
2010	101401606	1	INS00494075
2010	101413367	1	INS00119242
2010	101429939	2	INS00002390
2010	101429939	2	INS00119242
2010	101438400	2	INS00005062
2010	101438400	2	INS00114380
2010	101450834	2	INS00006746
2010	101450834	2	INS00398313
2010	101461248	3	INS00002448
2010	101461248	3	INS00119242
2010	101461248	3	INS00127537
2010	101462906	2	INS00002448
2010	101462906	2	INS00262364
2010	101483174	4	INS00005134
2010	101483174	4	INS00059010
2010	101483174	4	INS00059498
2010	101483174	4	INS00601862
2010	101505164	1	INS00114380
2010	101514459	6	INS00006573
2010	101514459	6	INS00006575
2010	101514459	6	INS00101329
2010	101514459	6	INS00118694
2010	101514459	6	INS00118972
2010	101514459	6	INS00597788
2010	101516515	2	INS00005859
2010	101516515	2	INS00456350
2010	101520661	3	INS00002382
2010	101520661	3	INS00113476
2010	101520661	3	INS00119242
2010	101528795	4	INS00006568
2010	101528795	4	INS00006569
2010	101528795	4	INS00006571
2010	101528795	4	INS00112797
2010	101530775	4	INS00005567
2010	101530775	4	INS00079869
2010	101530775	4	INS00366083
2010	101530775	4	INS00367438
2010	101540950	2	INS00006433
2010	101540950	2	INS00112810
2010	101576120	1	INS00006909
2010	101580928	1	INS00367438
2010	101622071	1	INS00006909
2010	101624773	1	INS00002440
2010	101628370	1	INS00002371
2010	101639883	2	INS00005134
2010	101639883	2	INS00009765
2010	101645808	1	INS00005984
2010	101656392	2	INS00005062
2010	101656392	2	INS00111348
2010	101663904	1	INS00005062
2010	101664287	2	INS00005062
2010	101664287	2	INS00111348
2010	101670005	1	INS00006825
2010	101692853	5	INS00001264
2010	101692853	5	INS00006568
2010	101692853	5	INS00006569
2010	101692853	5	INS00006571
2010	101692853	5	INS00492035
2010	101694947	4	INS00002487
2010	101694947	4	INS00046463
2010	101694947	4	INS00079790
2010	101694947	4	INS00556110
2010	101695130	2	INS00006433
2010	101695130	2	INS00112810
2010	101697063	2	INS00366648
2010	101697063	2	INS00494075
2010	101698688	2	INS00001600
2010	101698688	2	INS00539755
2010	101703222	5	INS00006568
2010	101703222	5	INS00006569
2010	101703222	5	INS00006571
2010	101703222	5	INS00492035
2010	101703222	5	INS00565045
2010	101708149	2	INS00005062
2010	101708149	2	INS00111348
2010	101710915	3	INS00006218
2010	101710915	3	INS00006220
2010	101710915	3	INS00105728
2010	101713686	1	INS00119242
2010	101727190	1	INS00105728
2010	101727270	1	INS00011167
2010	101728508	1	INS00398313
2010	101729247	1	INS00006909
2010	101734078	1	INS00119242
2010	101734130	2	INS00006753
2010	101734130	2	INS00119242
2010	101736949	2	INS00005859
2010	101736949	2	INS00007400
2010	101738101	1	INS00119242
2010	101745302	3	INS00006252
2010	101745302	3	INS00114380
2010	101745302	3	INS00529591
2010	101747719	1	INS00561433
2010	101758937	2	INS00002415
2010	101758937	2	INS00367435
2010	101763285	1	INS00002440
2010	101765109	1	INS00001555
2010	101766877	1	INS00006909
2010	101769064	4	INS00002384
2010	101769064	4	INS00022804
2010	101769064	4	INS00089723
2010	101769064	4	INS00126521
2010	101785961	1	INS00006909
2010	101832130	1	INS00173177
2010	101840348	2	INS00002459
2010	101840348	2	INS00171618
2010	101852429	3	INS00006252
2010	101852429	3	INS00500678
2010	101852429	3	INS00529591
2010	101858610	1	INS00104980
2010	101859706	4	INS00006568
2010	101859706	4	INS00006569
2010	101859706	4	INS00006571
2010	101859706	4	INS00112797
2010	101860654	1	INS00006568
2010	101861034	2	INS00005062
2010	101861034	2	INS00111348
2010	101865955	1	INS00007413
2010	101875165	3	INS00005624
2010	101875165	3	INS00494075
2010	101875165	3	INS00544271
2010	101902914	1	INS00006909
2010	101920654	1	INS00011171
2010	101927619	2	INS00002415
2010	101927619	2	INS00367435
2010	101931809	2	INS00002460
2010	101931809	2	INS00116450
2010	101931818	3	INS00006086
2010	101931818	3	INS00104917
2010	101931818	3	INS00104920
2010	101938013	2	INS00005134
2010	101938013	2	INS00138985
2010	101954607	1	INS00001611
2010	101961076	2	INS00001105
2010	101961076	2	INS00061823
2010	101974430	1	INS00002460
2010	101974637	1	INS00005628
2010	101975240	4	INS00005062
2010	101975240	4	INS00074018
2010	101975240	4	INS00103662
2010	101975240	4	INS00111348
2010	101976266	1	INS00119087
2010	101981328	1	INS00001600
2010	101984660	2	INS00119242
2010	101984660	2	INS00604884
2010	101985621	1	INS00409132
2010	102001583	2	INS00002388
2010	102001583	2	INS00006909
2010	102002590	3	INS00001184
2010	102002590	3	INS00011167
2010	102002590	3	INS00011171
2010	102004413	1	INS00006909
2010	102004496	2	INS00011123
2010	102004496	2	INS00500678
2010	102019757	1	INS00276901
2010	102023366	1	INS00506288
2010	102030048	1	INS00119242
2010	102030217	1	INS00119242
2010	102042488	1	INS00011152
2010	102047081	1	INS00119242
2010	102063620	3	INS00002433
2010	102063620	3	INS00114091
2010	102063620	3	INS00520539
2010	102065590	1	INS00119242
2010	102068134	1	INS00001600
2010	102072576	1	INS00119242
2010	102074454	2	INS00005624
2010	102074454	2	INS00494075
2010	102075308	2	INS00107941
2010	102075308	2	INS00486730
2010	102076806	1	INS00002385
2010	102079497	2	INS00002457
2010	102079497	2	INS00366667
2010	102079568	2	INS00006909
2010	102079568	2	INS00011166
2010	102079577	5	INS00002439
2010	102079577	5	INS00002486
2010	102079577	5	INS00002493
2010	102079577	5	INS00108668
2010	102079577	5	INS00165852
2010	102089949	1	INS00119242
2010	102095070	4	INS00001166
2010	102095070	4	INS00004959
2010	102095070	4	INS00017642
2010	102095070	4	INS00051184
2010	102096970	1	INS00006568
2010	102098240	2	INS00006749
2010	102098240	2	INS00006909
2010	102100269	1	INS00119242
2010	102100349	2	INS00001819
2010	102100349	2	INS00108534
2010	102110078	1	INS00006909
2010	102112330	1	INS00005625
2010	102116026	4	INS00006568
2010	102116026	4	INS00006569
2010	102116026	4	INS00006571
2010	102116026	4	INS00110415
2010	102124547	1	INS00119242
2010	102124841	1	INS00006909
2010	102125633	1	INS00006423
2010	102125740	2	INS00006086
2010	102125740	2	INS00041565
2010	102134928	4	INS00006575
2010	102134928	4	INS00119242
2010	102134928	4	INS00365886
2010	102134928	4	INS00584520
2010	102144209	2	INS00002439
2010	102144209	2	INS00108668
2010	102146802	1	INS00006568
2010	102147167	2	INS00410464
2010	102147167	2	INS00593794
2010	102148360	1	INS00119242
2010	102150180	1	INS00119242
2010	102153629	1	INS00005063
2010	102154582	1	INS00000610
2010	102161326	2	INS00006202
2010	102161326	2	INS00114100
2010	102163554	1	INS00104980
2010	102164936	2	INS00005625
2010	102164936	2	INS00494075
2010	102167141	4	INS00006218
2010	102167141	4	INS00006749
2010	102167141	4	INS00010210
2010	102167141	4	INS00074117
2010	102167268	1	INS00494075
2010	102171485	1	INS00137578
2010	102174173	1	INS00114380
2010	102174727	1	INS00119242
2010	102175985	1	INS00119242
2010	102176015	1	INS00539755
2010	102176516	1	INS00367435
2010	102177531	1	INS00006909
2010	102178379	1	INS00005865
2010	102178790	3	INS00005062
2010	102178790	3	INS00074117
2010	102178790	3	INS00111348
2010	102179124	2	INS00004977
2010	102179124	2	INS00119242
2010	102180223	5	INS00002180
2010	102180223	5	INS00110396
2010	102180223	5	INS00116137
2010	102180223	5	INS00367291
2010	102180223	5	INS00405022
2010	102185319	2	INS00002460
2010	102185319	2	INS00116450
2010	102185570	2	INS00005062
2010	102185570	2	INS00111348
2010	102188375	2	INS00001111
2010	102188375	2	INS00492063
2010	102191272	1	INS00002443
2010	102191719	1	INS00539755
2010	102192921	5	INS00006568
2010	102192921	5	INS00006569
2010	102192921	5	INS00006571
2010	102192921	5	INS00022894
2010	102192921	5	INS00112797
2010	102195253	3	INS00005071
2010	102195253	3	INS00010210
2010	102195253	3	INS00498199
2010	102195638	2	INS00005062
2010	102195638	2	INS00111348
2010	102197285	4	INS00002493
2010	102197285	4	INS00005062
2010	102197285	4	INS00073420
2010	102197285	4	INS00111348
2010	102197516	2	INS00006568
2010	102197516	2	INS00112797
2010	102197534	1	INS00004876
2010	102199190	2	INS00022804
2010	102199190	2	INS00050301
2010	102202106	1	INS00485881
2010	102202714	2	INS00005063
2010	102202714	2	INS00539755
2010	102208244	1	INS00001600
2010	102209377	2	INS00001105
2010	102209377	2	INS00061823
2010	102211885	5	INS00006568
2010	102211885	5	INS00006569
2010	102211885	5	INS00006571
2010	102211885	5	INS00045957
2010	102211885	5	INS00124796
2010	102215893	3	INS00005062
2010	102215893	3	INS00074018
2010	102215893	3	INS00111348
2010	102217898	3	INS00005134
2010	102217898	3	INS00059010
2010	102217898	3	INS00059498
2010	102218877	2	INS00001264
2010	102218877	2	INS00110664
2010	102221012	1	INS00005068
2010	102222065	2	INS00106184
2010	102222065	2	INS00468280
2010	102224462	3	INS00005062
2010	102224462	3	INS00111348
2010	102224462	3	INS00114380
2010	102226609	1	INS00119242
2010	102232740	3	INS00005624
2010	102232740	3	INS00456711
2010	102232740	3	INS00494075
2010	102238501	1	INS00003438
2010	102243252	1	INS00002430
2010	102243575	1	INS00006909
2010	102254630	1	INS00005866
2010	102257801	1	INS00494075
2010	102264127	1	INS00011171
2010	102270115	2	INS00173177
2010	102270115	2	INS00512163
2010	102271177	1	INS00002416
2010	102273743	1	INS00458243
2010	102275560	2	INS00002115
2010	102275560	2	INS00011171
2010	102275668	2	INS00006086
2010	102275668	2	INS00458348
2010	102276861	1	INS00455934
2010	102280514	1	INS00011171
2010	102291222	5	INS00006400
2010	102291222	5	INS00011270
2010	102291222	5	INS00110402
2010	102291222	5	INS00544733
2010	102291222	5	INS00604884
2010	102294510	2	INS00119242
2010	102294510	2	INS00485881
2010	102294986	1	INS00001998
2010	102297610	1	INS00119242
2010	102299060	1	INS00119242
2010	102300626	2	INS00001600
2010	102300626	2	INS00006508
2010	102301580	1	INS00119242
2010	102304429	1	INS00119086
2010	102306835	1	INS00575957
2010	102310195	1	INS00493427
2010	102316134	2	INS00005611
2010	102316134	2	INS00569488
2010	102317777	2	INS00601860
2010	102317777	2	INS00601862
2010	102318460	3	INS00457997
2010	102318460	3	INS00457998
2010	102318460	3	INS00601862
2010	102319600	1	INS00001600
2010	102322561	1	INS00494075
2010	102322650	2	INS00006581
2010	102322650	2	INS00103553
2010	102322768	1	INS00006825
2010	102323504	4	INS00005624
2010	102323504	4	INS00006025
2010	102323504	4	INS00006251
2010	102323504	4	INS00494075
2010	102323999	3	INS00408919
2010	102323999	3	INS00572104
2010	102323999	3	INS00572107
2010	102324299	2	INS00000519
2010	102324299	2	INS00119135
2010	102324440	2	INS00005624
2010	102324440	2	INS00494075
2010	102325895	2	INS00002452
2010	102325895	2	INS00455934
2010	102327030	2	INS00005134
2010	102327030	2	INS00275995
2010	102327343	1	INS00485881
2010	102328037	1	INS00001600
2010	102330859	3	INS00000611
2010	102330859	3	INS00011171
2010	102330859	3	INS00545089
2010	102331177	1	INS00114380
2010	102331570	3	INS00000760
2010	102331570	3	INS00000761
2010	102331570	3	INS00566663
2010	102332011	1	INS00005476
2010	102332639	2	INS00006746
2010	102332639	2	INS00458208
2010	102332826	1	INS00001600
2010	102333091	1	INS00011171
2010	102337798	2	INS00002415
2010	102337798	2	INS00367435
2010	102337911	1	INS00493427
2010	102338848	2	INS00006825
2010	102338848	2	INS00512163
2010	102339522	3	INS00006798
2010	102339522	3	INS00106184
2010	102339522	3	INS00398362
2010	102341398	2	INS00006825
2010	102341398	2	INS00165852
2010	102341950	2	INS00005624
2010	102341950	2	INS00494075
2010	102366252	2	INS00002382
2010	102366252	2	INS00454516
2010	102366430	1	INS00106184
2010	102370291	3	INS00000971
2010	102370291	3	INS00001693
2010	102370291	3	INS00113151
2010	102371430	1	INS00001555
2010	102372779	2	INS00006086
2010	102372779	2	INS00458348
2010	102377120	1	INS00011171
2010	102377327	1	INS00119242
2010	102384608	4	INS00006568
2010	102384608	4	INS00006569
2010	102384608	4	INS00006571
2010	102384608	4	INS00455440
2010	102386747	5	INS00006568
2010	102386747	5	INS00006569
2010	102386747	5	INS00006571
2010	102386747	5	INS00114380
2010	102386747	5	INS00455440
2010	102389195	1	INS00001600
2010	102398176	1	INS00005136
2010	102398917	1	INS00005136
2010	102400013	2	INS00006262
2010	102400013	2	INS00520390
2010	102401360	1	INS00006825
2010	102402072	3	INS00005062
2010	102402072	3	INS00074117
2010	102402072	3	INS00111348
2010	102407364	1	INS00160406
2010	102407542	1	INS00119242
2010	102413503	1	INS00114380
2010	102416597	2	INS00005984
2010	102416597	2	INS00114101
2010	102417960	1	INS00001600
2010	102421864	1	INS00114380
2010	102426495	1	INS00106163
2010	102428248	3	INS00001600
2010	102428248	3	INS00006251
2010	102428248	3	INS00114380
2010	102431136	2	INS00005062
2010	102431136	2	INS00111348
2010	102433337	2	INS00002378
2010	102433337	2	INS00089839
2010	102436446	2	INS00006211
2010	102436446	2	INS00006213
2010	102439232	1	INS00006568
2010	102444798	2	INS00000519
2010	102444798	2	INS00105327
2010	102456636	1	INS00119242
2010	102457221	2	INS00005062
2010	102457221	2	INS00111348
2010	102457268	2	INS00005624
2010	102457268	2	INS00494075
2010	102457277	1	INS00011166
2010	102458004	2	INS00119242
2010	102458004	2	INS00409132
2010	102462052	1	INS00004996
2010	102462384	2	INS00011183
2010	102462384	2	INS00584300
2010	102463200	2	INS00002390
2010	102463200	2	INS00119242
2010	102470260	3	INS00006025
2010	102470260	3	INS00006251
2010	102470260	3	INS00114380
2010	102470896	2	INS00005624
2010	102470896	2	INS00494075
2010	102473190	1	INS00539755
2010	102473280	1	INS00002402
2010	102473842	2	INS00004379
2010	102473842	2	INS00365805
2010	102477387	4	INS00006568
2010	102477387	4	INS00006569
2010	102477387	4	INS00006571
2010	102477387	4	INS00455440
2010	102481503	6	INS00005624
2010	102481503	6	INS00005628
2010	102481503	6	INS00005631
2010	102481503	6	INS00494075
2010	102481503	6	INS00544271
2010	102481503	6	INS00562823
2010	102481728	2	INS00005624
2010	102481728	2	INS00494075
2010	102485389	2	INS00005624
2010	102485389	2	INS00494075
2010	102485440	3	INS00006086
2010	102485440	3	INS00171043
2010	102485440	3	INS00458348
2010	102485638	1	INS00544271
2010	102486635	2	INS00005624
2010	102486635	2	INS00494075
2010	102486930	1	INS00005065
2010	102487857	1	INS00119242
2010	102492928	3	INS00005624
2010	102492928	3	INS00486635
2010	102492928	3	INS00494075
2010	102493513	3	INS00006574
2010	102493513	3	INS00353753
2010	102493513	3	INS00584351
2010	102494403	3	INS00005062
2010	102494403	3	INS00103874
2010	102494403	3	INS00111348
2010	102495429	2	INS00002452
2010	102495429	2	INS00110575
2010	102495714	1	INS00006849
2010	102497755	1	INS00119242
2010	102499633	3	INS00002371
2010	102499633	3	INS00005062
2010	102499633	3	INS00111348
2010	102508142	3	INS00000599
2010	102508142	3	INS00005624
2010	102508142	3	INS00494075
2010	102508821	1	INS00002440
2010	102511237	1	INS00119242
2010	102513492	1	INS00002371
2010	102513868	3	INS00005364
2010	102513868	3	INS00006127
2010	102513868	3	INS00270357
2010	102516458	1	INS00005063
2010	102518819	1	INS00367448
2010	102523757	2	INS00005479
2010	102523757	2	INS00251568
2010	102524790	2	INS00001604
2010	102524790	2	INS00458203
2010	102525297	1	INS00006568
2010	102526392	3	INS00002578
2010	102526392	3	INS00005860
2010	102526392	3	INS00112749
2010	102526820	1	INS00005134
2010	102533548	1	INS00006568
2010	102533557	2	INS00005624
2010	102533557	2	INS00494075
2010	102534886	1	INS00405172
2010	102537190	1	INS00001681
2010	102540293	2	INS00005624
2010	102540293	2	INS00494075
2010	102541844	2	INS00006702
2010	102541844	2	INS00122607
2010	102550674	1	INS00006909
2010	102553685	2	INS00002416
2010	102553685	2	INS00002452
2010	102580074	3	INS00011169
2010	102580074	3	INS00079834
2010	102580074	3	INS00529591
2010	102595729	1	INS00005065
